3.000000000000000000e+03 7.429999999999999973e-03
3.010000000000000000e+03 1.248999999999999937e-02
3.020000000000000000e+03 1.902999999999999831e-02
3.030000000000000000e+03 2.927000000000000088e-02
3.040000000000000000e+03 3.910999999999999893e-02
3.050000000000000000e+03 5.532000000000000112e-02
3.060000000000000000e+03 6.951999999999999846e-02
3.070000000000000000e+03 8.906000000000000028e-02
3.080000000000000000e+03 1.097299999999999942e-01
3.090000000000000000e+03 1.269399999999999973e-01
3.100000000000000000e+03 1.552300000000000069e-01
3.110000000000000000e+03 1.720700000000000007e-01
3.120000000000000000e+03 1.971799999999999942e-01
3.130000000000000000e+03 2.216899999999999982e-01
3.140000000000000000e+03 2.383800000000000086e-01
3.150000000000000000e+03 2.672900000000000276e-01
3.160000000000000000e+03 2.799699999999999966e-01
3.170000000000000000e+03 3.048199999999999799e-01
3.180000000000000000e+03 3.165399999999999880e-01
3.190000000000000000e+03 3.484900000000000220e-01
3.200000000000000000e+03 3.476400000000000046e-01
3.210000000000000000e+03 3.831700000000000106e-01
3.220000000000000000e+03 3.820399999999999907e-01
3.230000000000000000e+03 3.943900000000000183e-01
3.240000000000000000e+03 4.253000000000000114e-01
3.250000000000000000e+03 4.142199999999999771e-01
3.260000000000000000e+03 4.367800000000000016e-01
3.270000000000000000e+03 4.523099999999999898e-01
3.280000000000000000e+03 4.439100000000000268e-01
3.290000000000000000e+03 4.686699999999999755e-01
3.300000000000000000e+03 4.768700000000000161e-01
3.310000000000000000e+03 4.714900000000000202e-01
3.320000000000000000e+03 4.887900000000000023e-01
3.330000000000000000e+03 4.974899999999999878e-01
3.340000000000000000e+03 4.952400000000000135e-01
3.350000000000000000e+03 5.096800000000000219e-01
3.360000000000000000e+03 5.166199999999999681e-01
3.370000000000000000e+03 5.149399999999999533e-01
3.380000000000000000e+03 5.217199999999999616e-01
3.390000000000000000e+03 5.313799999999999635e-01
3.400000000000000000e+03 5.331500000000000128e-01
3.410000000000000000e+03 5.384700000000000042e-01
3.420000000000000000e+03 5.454099999999999504e-01
3.430000000000000000e+03 5.492799999999999905e-01
3.440000000000000000e+03 5.507400000000000073e-01
3.450000000000000000e+03 5.564999999999999947e-01
3.460000000000000000e+03 5.620199999999999640e-01
3.470000000000000000e+03 5.661699999999999511e-01
3.480000000000000000e+03 5.698699999999999877e-01
3.490000000000000000e+03 5.744700000000000362e-01
3.500000000000000000e+03 5.784599999999999742e-01
3.510000000000000000e+03 5.819299999999999473e-01
3.520000000000000000e+03 5.852199999999999624e-01
3.530000000000000000e+03 5.896299999999999875e-01
3.540000000000000000e+03 5.932800000000000296e-01
3.550000000000000000e+03 5.969100000000000517e-01
3.560000000000000000e+03 6.005899999999999572e-01
3.570000000000000000e+03 6.038299999999999779e-01
3.580000000000000000e+03 6.075399999999999689e-01
3.590000000000000000e+03 6.112800000000000455e-01
3.600000000000000000e+03 6.146800000000000042e-01
3.610000000000000000e+03 6.180499999999999883e-01
3.620000000000000000e+03 6.215500000000000469e-01
3.630000000000000000e+03 6.250099999999999545e-01
3.640000000000000000e+03 6.283600000000000296e-01
3.650000000000000000e+03 6.314699999999999758e-01
3.660000000000000000e+03 6.349599999999999689e-01
3.670000000000000000e+03 6.382799999999999585e-01
3.680000000000000000e+03 6.414699999999999847e-01
3.690000000000000000e+03 6.447199999999999598e-01
3.700000000000000000e+03 6.479000000000000314e-01
3.710000000000000000e+03 6.510599999999999721e-01
3.720000000000000000e+03 6.539300000000000113e-01
3.730000000000000000e+03 6.571599999999999664e-01
3.740000000000000000e+03 6.602999999999999980e-01
3.750000000000000000e+03 6.632599999999999607e-01
3.760000000000000000e+03 6.660000000000000364e-01
3.770000000000000000e+03 6.691799999999999971e-01
3.780000000000000000e+03 6.723099999999999632e-01
3.790000000000000000e+03 6.750500000000000389e-01
3.800000000000000000e+03 6.777300000000000546e-01
3.810000000000000000e+03 6.806999999999999718e-01
3.820000000000000000e+03 6.836299999999999599e-01
3.830000000000000000e+03 6.864999999999999991e-01
3.840000000000000000e+03 6.891199999999999548e-01
3.850000000000000000e+03 6.918400000000000105e-01
3.860000000000000000e+03 6.946700000000000097e-01
3.870000000000000000e+03 6.973300000000000054e-01
3.880000000000000000e+03 6.999499999999999611e-01
3.890000000000000000e+03 7.025599999999999623e-01
3.900000000000000000e+03 7.051899999999999835e-01
3.910000000000000000e+03 7.077700000000000102e-01
3.920000000000000000e+03 7.102699999999999569e-01
3.930000000000000000e+03 7.130400000000000071e-01
3.940000000000000000e+03 7.156400000000000539e-01
3.950000000000000000e+03 7.179699999999999971e-01
3.960000000000000000e+03 7.203699999999999548e-01
3.970000000000000000e+03 7.229900000000000215e-01
3.980000000000000000e+03 7.251100000000000323e-01
3.990000000000000000e+03 7.276500000000000190e-01
4.000000000000000000e+03 7.298000000000000043e-01
4.010000000000000000e+03 7.322100000000000275e-01
4.020000000000000000e+03 7.348099999999999632e-01
4.030000000000000000e+03 7.372699999999999809e-01
4.040000000000000000e+03 7.393499999999999517e-01
4.050000000000000000e+03 7.414600000000000080e-01
4.060000000000000000e+03 7.439799999999999747e-01
4.070000000000000000e+03 7.464100000000000179e-01
4.080000000000000000e+03 7.480999999999999872e-01
4.090000000000000000e+03 7.501600000000000490e-01
4.100000000000000000e+03 7.523499999999999632e-01
4.110000000000000000e+03 7.546000000000000485e-01
4.120000000000000000e+03 7.569799999999999862e-01
4.130000000000000000e+03 7.585699999999999665e-01
4.140000000000000000e+03 7.607500000000000373e-01
4.150000000000000000e+03 7.630799999999999805e-01
4.160000000000000000e+03 7.653799999999999493e-01
4.170000000000000000e+03 7.673100000000000476e-01
4.180000000000000000e+03 7.691000000000000059e-01
4.190000000000000000e+03 7.710200000000000387e-01
4.200000000000000000e+03 7.728300000000000169e-01
4.210000000000000000e+03 7.747300000000000297e-01
4.220000000000000000e+03 7.765999999999999570e-01
4.230000000000000000e+03 7.784699999999999953e-01
4.240000000000000000e+03 7.800200000000000466e-01
4.250000000000000000e+03 7.819700000000000539e-01
4.260000000000000000e+03 7.843299999999999716e-01
4.270000000000000000e+03 7.858199999999999630e-01
4.280000000000000000e+03 7.873999999999999888e-01
4.290000000000000000e+03 7.896800000000000486e-01
4.300000000000000000e+03 7.913400000000000434e-01
4.310000000000000000e+03 7.926699999999999857e-01
4.320000000000000000e+03 7.947899999999999965e-01
4.330000000000000000e+03 7.964099999999999513e-01
4.340000000000000000e+03 7.977600000000000247e-01
4.350000000000000000e+03 7.990399999999999725e-01
4.360000000000000000e+03 8.010599999999999943e-01
4.370000000000000000e+03 8.032000000000000250e-01
4.380000000000000000e+03 8.049600000000000088e-01
4.390000000000000000e+03 8.055099999999999483e-01
4.400000000000000000e+03 8.071399999999999686e-01
4.410000000000000000e+03 8.093299999999999939e-01
4.420000000000000000e+03 8.109600000000000142e-01
4.430000000000000000e+03 8.120699999999999585e-01
4.440000000000000000e+03 8.135099999999999554e-01
4.450000000000000000e+03 8.143599999999999728e-01
4.460000000000000000e+03 8.163899999999999491e-01
4.470000000000000000e+03 8.184200000000000363e-01
4.480000000000000000e+03 8.191599999999999993e-01
4.490000000000000000e+03 8.205599999999999561e-01
4.500000000000000000e+03 8.226400000000000379e-01
4.510000000000000000e+03 8.239699999999999802e-01
4.520000000000000000e+03 8.253800000000000026e-01
4.530000000000000000e+03 8.266999999999999904e-01
4.540000000000000000e+03 8.282399999999999762e-01
4.550000000000000000e+03 8.295900000000000496e-01
4.560000000000000000e+03 8.307700000000000085e-01
4.570000000000000000e+03 8.321100000000000163e-01
4.580000000000000000e+03 8.328299999999999592e-01
4.590000000000000000e+03 8.337700000000000111e-01
4.600000000000000000e+03 8.350499999999999590e-01
4.610000000000000000e+03 8.359100000000000419e-01
4.620000000000000000e+03 8.373099999999999987e-01
4.630000000000000000e+03 8.386400000000000521e-01
4.640000000000000000e+03 8.394700000000000495e-01
4.650000000000000000e+03 8.413599999999999968e-01
4.660000000000000000e+03 8.432199999999999696e-01
4.670000000000000000e+03 8.442399999999999904e-01
4.680000000000000000e+03 8.449400000000000244e-01
4.690000000000000000e+03 8.461899999999999977e-01
4.700000000000000000e+03 8.473399999999999821e-01
4.710000000000000000e+03 8.485300000000000065e-01
4.720000000000000000e+03 8.496700000000000363e-01
4.730000000000000000e+03 8.507599999999999607e-01
4.740000000000000000e+03 8.514500000000000401e-01
4.750000000000000000e+03 8.521400000000000086e-01
4.760000000000000000e+03 8.532199999999999784e-01
4.770000000000000000e+03 8.540299999999999558e-01
4.780000000000000000e+03 8.546399999999999553e-01
4.790000000000000000e+03 8.549799999999999622e-01
4.800000000000000000e+03 8.552999999999999492e-01
4.810000000000000000e+03 8.561299999999999466e-01
4.820000000000000000e+03 8.569200000000000150e-01
4.830000000000000000e+03 8.582600000000000229e-01
4.840000000000000000e+03 8.596000000000000307e-01
4.850000000000000000e+03 8.607000000000000206e-01
4.860000000000000000e+03 8.618799999999999795e-01
4.870000000000000000e+03 8.631199999999999983e-01
4.880000000000000000e+03 8.639499999999999957e-01
4.890000000000000000e+03 8.640700000000000047e-01
4.900000000000000000e+03 8.651499999999999746e-01
4.910000000000000000e+03 8.663600000000000190e-01
4.920000000000000000e+03 8.672499999999999654e-01
4.930000000000000000e+03 8.679799999999999738e-01
4.940000000000000000e+03 8.685100000000000042e-01
4.950000000000000000e+03 8.691699999999999982e-01
4.960000000000000000e+03 8.697799999999999976e-01
4.970000000000000000e+03 8.702600000000000335e-01
4.980000000000000000e+03 8.710099999999999509e-01
4.990000000000000000e+03 8.713899999999999979e-01
5.000000000000000000e+03 8.714600000000000124e-01
5.010000000000000000e+03 8.712499999999999689e-01
5.020000000000000000e+03 8.707799999999999985e-01
5.030000000000000000e+03 8.700900000000000301e-01
5.040000000000000000e+03 8.692699999999999871e-01
5.050000000000000000e+03 8.705399999999999805e-01
5.060000000000000000e+03 8.713899999999999979e-01
5.070000000000000000e+03 8.725000000000000533e-01
5.080000000000000000e+03 8.736300000000000177e-01
5.090000000000000000e+03 8.750099999999999545e-01
5.100000000000000000e+03 8.760599999999999499e-01
5.110000000000000000e+03 8.771900000000000253e-01
5.120000000000000000e+03 8.779799999999999827e-01
5.130000000000000000e+03 8.785899999999999821e-01
5.140000000000000000e+03 8.792799999999999505e-01
5.150000000000000000e+03 8.798000000000000265e-01
5.160000000000000000e+03 8.803199999999999914e-01
5.170000000000000000e+03 8.808399999999999563e-01
5.180000000000000000e+03 8.811799999999999633e-01
5.190000000000000000e+03 8.814300000000000468e-01
5.200000000000000000e+03 8.818099999999999827e-01
5.210000000000000000e+03 8.821400000000000352e-01
5.220000000000000000e+03 8.823600000000000332e-01
5.230000000000000000e+03 8.823100000000000387e-01
5.240000000000000000e+03 8.820999999999999952e-01
5.250000000000000000e+03 8.816699999999999537e-01
5.260000000000000000e+03 8.813299999999999468e-01
5.270000000000000000e+03 8.811400000000000343e-01
5.280000000000000000e+03 8.810299999999999798e-01
5.290000000000000000e+03 8.809099999999999708e-01
5.300000000000000000e+03 8.808799999999999963e-01
5.310000000000000000e+03 8.809200000000000363e-01
5.320000000000000000e+03 8.810700000000000198e-01
5.330000000000000000e+03 8.814300000000000468e-01
5.340000000000000000e+03 8.820200000000000262e-01
5.350000000000000000e+03 8.827399999999999691e-01
5.360000000000000000e+03 8.834999999999999520e-01
5.370000000000000000e+03 8.841299999999999715e-01
5.380000000000000000e+03 8.844899999999999984e-01
5.390000000000000000e+03 8.846399999999999819e-01
5.400000000000000000e+03 8.847699999999999454e-01
5.410000000000000000e+03 8.843999999999999639e-01
5.420000000000000000e+03 8.842999999999999750e-01
5.430000000000000000e+03 8.845600000000000129e-01
5.440000000000000000e+03 8.845199999999999729e-01
5.450000000000000000e+03 8.846800000000000219e-01
5.460000000000000000e+03 8.846899999999999764e-01
5.470000000000000000e+03 8.852299999999999613e-01
5.480000000000000000e+03 8.856399999999999828e-01
5.490000000000000000e+03 8.860700000000000243e-01
5.500000000000000000e+03 8.864900000000000002e-01
5.510000000000000000e+03 8.868899999999999562e-01
5.520000000000000000e+03 8.871299999999999741e-01
5.530000000000000000e+03 8.872200000000000086e-01
5.540000000000000000e+03 8.873900000000000121e-01
5.550000000000000000e+03 8.874900000000000011e-01
5.560000000000000000e+03 8.874699999999999811e-01
5.570000000000000000e+03 8.873100000000000431e-01
5.580000000000000000e+03 8.870200000000000307e-01
5.590000000000000000e+03 8.867000000000000437e-01
5.600000000000000000e+03 8.862999999999999767e-01
5.610000000000000000e+03 8.858099999999999863e-01
5.620000000000000000e+03 8.853400000000000158e-01
5.630000000000000000e+03 8.848399999999999599e-01
5.640000000000000000e+03 8.844499999999999584e-01
5.650000000000000000e+03 8.842999999999999750e-01
5.660000000000000000e+03 8.843299999999999494e-01
5.670000000000000000e+03 8.841799999999999660e-01
5.680000000000000000e+03 8.834699999999999775e-01
5.690000000000000000e+03 8.822699999999999987e-01
5.700000000000000000e+03 8.823199999999999932e-01
5.710000000000000000e+03 8.832600000000000451e-01
5.720000000000000000e+03 8.827800000000000091e-01
5.730000000000000000e+03 8.831099999999999506e-01
5.740000000000000000e+03 8.837500000000000355e-01
5.750000000000000000e+03 8.843100000000000405e-01
5.760000000000000000e+03 8.852900000000000214e-01
5.770000000000000000e+03 8.861299999999999732e-01
5.780000000000000000e+03 8.871099999999999541e-01
5.790000000000000000e+03 8.880500000000000060e-01
5.800000000000000000e+03 8.889799999999999924e-01
5.810000000000000000e+03 8.899299999999999988e-01
5.820000000000000000e+03 8.907800000000000162e-01
5.830000000000000000e+03 8.914999999999999591e-01
5.840000000000000000e+03 8.921000000000000041e-01
5.850000000000000000e+03 8.925400000000000000e-01
5.860000000000000000e+03 8.927899999999999725e-01
5.870000000000000000e+03 8.925100000000000255e-01
5.880000000000000000e+03 8.902499999999999858e-01
5.890000000000000000e+03 8.848300000000000054e-01
5.900000000000000000e+03 8.844400000000000039e-01
5.910000000000000000e+03 8.874900000000000011e-01
5.920000000000000000e+03 8.847000000000000419e-01
5.930000000000000000e+03 8.881400000000000405e-01
5.940000000000000000e+03 8.865399999999999947e-01
5.950000000000000000e+03 8.846300000000000274e-01
5.960000000000000000e+03 8.888700000000000490e-01
5.970000000000000000e+03 8.879799999999999915e-01
5.980000000000000000e+03 8.886199999999999655e-01
5.990000000000000000e+03 8.893600000000000394e-01
6.000000000000000000e+03 8.900000000000000133e-01
6.010000000000000000e+03 8.908599999999999852e-01
6.020000000000000000e+03 8.913699999999999957e-01
6.030000000000000000e+03 8.920500000000000096e-01
6.040000000000000000e+03 8.928000000000000380e-01
6.050000000000000000e+03 8.935800000000000409e-01
6.060000000000000000e+03 8.944699999999999873e-01
6.070000000000000000e+03 8.955199999999999827e-01
6.080000000000000000e+03 8.966199999999999726e-01
6.090000000000000000e+03 8.978000000000000425e-01
6.100000000000000000e+03 8.989899999999999558e-01
6.110000000000000000e+03 9.001299999999999857e-01
6.120000000000000000e+03 9.012099999999999556e-01
6.130000000000000000e+03 9.023499999999999854e-01
6.140000000000000000e+03 9.035100000000000353e-01
6.150000000000000000e+03 9.045699999999999852e-01
6.160000000000000000e+03 9.055400000000000116e-01
6.170000000000000000e+03 9.064999999999999725e-01
6.180000000000000000e+03 9.074600000000000444e-01
6.190000000000000000e+03 9.083900000000000308e-01
6.200000000000000000e+03 9.091900000000000537e-01
6.210000000000000000e+03 9.099699999999999456e-01
6.220000000000000000e+03 9.108000000000000540e-01
6.230000000000000000e+03 9.115600000000000369e-01
6.240000000000000000e+03 9.122999999999999998e-01
6.250000000000000000e+03 9.130300000000000082e-01
6.260000000000000000e+03 9.136400000000000077e-01
6.270000000000000000e+03 9.125400000000000178e-01
6.280000000000000000e+03 8.898399999999999643e-01
6.290000000000000000e+03 9.029800000000000049e-01
6.300000000000000000e+03 9.043400000000000327e-01
6.310000000000000000e+03 9.111000000000000210e-01
6.320000000000000000e+03 9.151299999999999990e-01
6.330000000000000000e+03 9.181300000000000017e-01
6.340000000000000000e+03 9.197600000000000220e-01
6.350000000000000000e+03 9.206199999999999939e-01
6.360000000000000000e+03 9.216600000000000348e-01
6.370000000000000000e+03 9.225799999999999557e-01
6.380000000000000000e+03 9.236799999999999455e-01
6.390000000000000000e+03 9.245499999999999829e-01
6.400000000000000000e+03 9.254499999999999948e-01
6.410000000000000000e+03 9.262099999999999778e-01
6.420000000000000000e+03 9.270599999999999952e-01
6.430000000000000000e+03 9.277300000000000546e-01
6.440000000000000000e+03 9.283500000000000085e-01
6.450000000000000000e+03 9.286799999999999500e-01
6.460000000000000000e+03 9.278199999999999781e-01
6.470000000000000000e+03 9.253599999999999604e-01
6.480000000000000000e+03 9.233500000000000041e-01
6.490000000000000000e+03 9.256299999999999528e-01
6.500000000000000000e+03 9.285600000000000520e-01
6.510000000000000000e+03 9.303200000000000358e-01
6.520000000000000000e+03 9.259399999999999853e-01
6.530000000000000000e+03 9.321300000000000141e-01
6.540000000000000000e+03 9.328800000000000425e-01
6.550000000000000000e+03 9.315099999999999492e-01
6.560000000000000000e+03 9.330000000000000515e-01
6.570000000000000000e+03 9.345200000000000173e-01
6.580000000000000000e+03 9.358699999999999797e-01
6.590000000000000000e+03 9.374900000000000455e-01
6.600000000000000000e+03 9.386200000000000099e-01
6.610000000000000000e+03 9.397499999999999742e-01
6.620000000000000000e+03 9.406499999999999861e-01
6.630000000000000000e+03 9.412199999999999456e-01
6.640000000000000000e+03 9.418999999999999595e-01
6.650000000000000000e+03 9.425499999999999989e-01
6.660000000000000000e+03 9.432800000000000074e-01
6.670000000000000000e+03 9.439400000000000013e-01
6.680000000000000000e+03 9.446499999999999897e-01
6.690000000000000000e+03 9.452899999999999636e-01
6.700000000000000000e+03 9.459300000000000486e-01
6.710000000000000000e+03 9.465500000000000025e-01
6.720000000000000000e+03 9.471699999999999564e-01
6.730000000000000000e+03 9.477600000000000469e-01
6.740000000000000000e+03 9.483399999999999608e-01
6.750000000000000000e+03 9.488699999999999912e-01
6.760000000000000000e+03 9.494200000000000417e-01
6.770000000000000000e+03 9.499600000000000266e-01
6.780000000000000000e+03 9.505000000000000115e-01
6.790000000000000000e+03 9.509499999999999620e-01
6.800000000000000000e+03 9.514099999999999779e-01
6.810000000000000000e+03 9.517999999999999794e-01
6.820000000000000000e+03 9.521500000000000519e-01
6.830000000000000000e+03 9.525200000000000333e-01
6.840000000000000000e+03 9.528600000000000403e-01
6.850000000000000000e+03 9.532800000000000162e-01
6.860000000000000000e+03 9.481600000000000028e-01
6.870000000000000000e+03 7.876499999999999613e-01
6.880000000000000000e+03 7.955200000000000049e-01
6.890000000000000000e+03 8.334500000000000242e-01
6.900000000000000000e+03 8.521300000000000541e-01
6.910000000000000000e+03 8.854800000000000448e-01
6.920000000000000000e+03 9.109099999999999975e-01
6.930000000000000000e+03 9.304999999999999938e-01
6.940000000000000000e+03 9.334799999999999764e-01
6.950000000000000000e+03 9.387499999999999734e-01
6.960000000000000000e+03 9.407799999999999496e-01
6.970000000000000000e+03 9.536599999999999522e-01
6.980000000000000000e+03 9.543599999999999861e-01
6.990000000000000000e+03 9.459899999999999975e-01
7.000000000000000000e+03 9.480499999999999483e-01
7.010000000000000000e+03 9.483899999999999553e-01
7.020000000000000000e+03 9.490499999999999492e-01
7.030000000000000000e+03 9.548699999999999966e-01
7.040000000000000000e+03 9.547799999999999621e-01
7.050000000000000000e+03 9.545400000000000551e-01
7.060000000000000000e+03 9.567299999999999693e-01
7.070000000000000000e+03 9.582399999999999807e-01
7.080000000000000000e+03 9.593500000000000361e-01
7.090000000000000000e+03 9.600600000000000245e-01
7.100000000000000000e+03 9.597200000000000175e-01
7.110000000000000000e+03 9.611699999999999688e-01
7.120000000000000000e+03 9.613500000000000378e-01
7.130000000000000000e+03 9.608700000000000019e-01
7.140000000000000000e+03 9.599699999999999900e-01
7.150000000000000000e+03 9.580800000000000427e-01
7.160000000000000000e+03 9.473200000000000509e-01
7.170000000000000000e+03 9.082099999999999618e-01
7.180000000000000000e+03 8.859099999999999753e-01
7.190000000000000000e+03 8.780999999999999917e-01
7.200000000000000000e+03 8.912900000000000267e-01
7.210000000000000000e+03 9.404000000000000137e-01
7.220000000000000000e+03 9.455700000000000216e-01
7.230000000000000000e+03 9.055100000000000371e-01
7.240000000000000000e+03 9.048899999999999721e-01
7.250000000000000000e+03 9.131700000000000372e-01
7.260000000000000000e+03 9.207300000000000484e-01
7.270000000000000000e+03 9.113999999999999879e-01
7.280000000000000000e+03 9.258999999999999453e-01
7.290000000000000000e+03 9.264900000000000357e-01
7.300000000000000000e+03 9.307400000000000118e-01
7.310000000000000000e+03 9.343700000000000339e-01
7.320000000000000000e+03 9.518400000000000194e-01
7.330000000000000000e+03 9.568100000000000493e-01
7.340000000000000000e+03 9.608600000000000474e-01
7.350000000000000000e+03 9.606200000000000294e-01
7.360000000000000000e+03 9.592300000000000271e-01
7.370000000000000000e+03 9.628400000000000292e-01
7.380000000000000000e+03 9.650100000000000344e-01
7.390000000000000000e+03 9.659499999999999753e-01
7.400000000000000000e+03 9.681600000000000206e-01
7.410000000000000000e+03 9.690199999999999925e-01
7.420000000000000000e+03 9.695599999999999774e-01
7.430000000000000000e+03 9.707700000000000218e-01
7.440000000000000000e+03 9.708599999999999453e-01
7.450000000000000000e+03 9.710800000000000542e-01
7.460000000000000000e+03 9.713600000000000012e-01
7.470000000000000000e+03 9.715500000000000247e-01
7.480000000000000000e+03 9.717999999999999972e-01
7.490000000000000000e+03 9.720900000000000096e-01
7.500000000000000000e+03 9.723899999999999766e-01
7.510000000000000000e+03 9.727700000000000236e-01
7.520000000000000000e+03 9.731100000000000305e-01
7.530000000000000000e+03 9.734599999999999920e-01
7.540000000000000000e+03 9.737200000000000299e-01
7.550000000000000000e+03 9.740600000000000369e-01
7.560000000000000000e+03 9.743500000000000494e-01
7.570000000000000000e+03 9.745700000000000474e-01
7.580000000000000000e+03 9.705200000000000493e-01
7.590000000000000000e+03 7.462199999999999944e-01
7.600000000000000000e+03 3.425799999999999956e-01
7.610000000000000000e+03 5.003600000000000270e-01
7.620000000000000000e+03 6.284399999999999986e-01
7.630000000000000000e+03 5.492000000000000215e-01
7.640000000000000000e+03 6.483499999999999819e-01
7.650000000000000000e+03 7.689399999999999569e-01
7.660000000000000000e+03 8.532600000000000184e-01
7.670000000000000000e+03 9.209500000000000464e-01
7.680000000000000000e+03 9.457900000000000196e-01
7.690000000000000000e+03 9.589400000000000146e-01
7.700000000000000000e+03 9.715700000000000447e-01
7.710000000000000000e+03 9.746399999999999508e-01
7.720000000000000000e+03 9.753199999999999648e-01
7.730000000000000000e+03 9.757099999999999662e-01
7.740000000000000000e+03 9.760100000000000442e-01
7.750000000000000000e+03 9.761499999999999622e-01
7.760000000000000000e+03 9.762600000000000167e-01
7.770000000000000000e+03 9.762999999999999456e-01
7.780000000000000000e+03 9.763699999999999601e-01
7.790000000000000000e+03 9.764800000000000146e-01
7.800000000000000000e+03 9.766399999999999526e-01
7.810000000000000000e+03 9.768799999999999706e-01
7.820000000000000000e+03 9.770900000000000141e-01
7.830000000000000000e+03 9.773300000000000320e-01
7.840000000000000000e+03 9.774399999999999755e-01
7.850000000000000000e+03 9.772899999999999920e-01
7.860000000000000000e+03 9.763100000000000112e-01
7.870000000000000000e+03 9.753800000000000248e-01
7.880000000000000000e+03 9.739600000000000479e-01
7.890000000000000000e+03 9.699100000000000499e-01
7.900000000000000000e+03 9.699799999999999534e-01
7.910000000000000000e+03 9.719400000000000261e-01
7.920000000000000000e+03 9.708099999999999508e-01
7.930000000000000000e+03 9.754199999999999537e-01
7.940000000000000000e+03 9.776000000000000245e-01
7.950000000000000000e+03 9.749999999999999778e-01
7.960000000000000000e+03 9.681899999999999951e-01
7.970000000000000000e+03 9.745200000000000529e-01
7.980000000000000000e+03 9.754800000000000137e-01
7.990000000000000000e+03 9.758200000000000207e-01
8.000000000000000000e+03 9.737999999999999989e-01
8.010000000000000000e+03 9.718599999999999461e-01
8.020000000000000000e+03 9.734500000000000375e-01
8.030000000000000000e+03 9.727000000000000091e-01
8.040000000000000000e+03 9.739799999999999569e-01
8.050000000000000000e+03 9.761900000000000022e-01
8.060000000000000000e+03 9.781400000000000095e-01
8.070000000000000000e+03 9.778900000000000370e-01
8.080000000000000000e+03 9.778200000000000225e-01
8.090000000000000000e+03 9.761499999999999622e-01
8.100000000000000000e+03 9.745200000000000529e-01
8.110000000000000000e+03 9.731899999999999995e-01
8.120000000000000000e+03 9.683699999999999530e-01
8.130000000000000000e+03 9.589100000000000401e-01
8.140000000000000000e+03 9.382899999999999574e-01
8.150000000000000000e+03 9.253900000000000459e-01
8.160000000000000000e+03 9.044200000000000017e-01
8.170000000000000000e+03 9.114900000000000224e-01
8.180000000000000000e+03 8.942400000000000349e-01
8.190000000000000000e+03 9.189599999999999991e-01
8.200000000000000000e+03 9.198199999999999710e-01
8.210000000000000000e+03 9.617999999999999883e-01
8.220000000000000000e+03 9.484700000000000353e-01
8.230000000000000000e+03 8.561900000000000066e-01
8.240000000000000000e+03 9.313299999999999912e-01
8.250000000000000000e+03 9.563700000000000534e-01
8.260000000000000000e+03 9.463500000000000245e-01
8.270000000000000000e+03 9.615200000000000413e-01
8.280000000000000000e+03 9.235700000000000021e-01
8.290000000000000000e+03 9.330600000000000005e-01
8.300000000000000000e+03 9.474000000000000199e-01
8.310000000000000000e+03 9.580999999999999517e-01
8.320000000000000000e+03 9.452300000000000146e-01
8.330000000000000000e+03 9.636799999999999811e-01
8.340000000000000000e+03 9.632800000000000251e-01
8.350000000000000000e+03 9.739100000000000534e-01
8.360000000000000000e+03 9.723399999999999821e-01
8.370000000000000000e+03 9.761699999999999822e-01
8.380000000000000000e+03 9.772399999999999975e-01
8.390000000000000000e+03 9.794800000000000173e-01
8.400000000000000000e+03 9.806700000000000417e-01
8.410000000000000000e+03 9.790699999999999958e-01
8.420000000000000000e+03 9.808700000000000196e-01
8.430000000000000000e+03 9.820799999999999530e-01
8.440000000000000000e+03 9.815700000000000536e-01
8.450000000000000000e+03 9.830400000000000249e-01
8.460000000000000000e+03 9.835599999999999898e-01
8.470000000000000000e+03 9.839299999999999713e-01
8.480000000000000000e+03 9.833499999999999464e-01
8.490000000000000000e+03 9.829799999999999649e-01
8.500000000000000000e+03 9.832600000000000229e-01
8.510000000000000000e+03 9.824800000000000200e-01
8.520000000000000000e+03 9.825500000000000345e-01
8.530000000000000000e+03 9.835700000000000554e-01
8.540000000000000000e+03 9.832499999999999574e-01
8.550000000000000000e+03 9.836899999999999533e-01
8.560000000000000000e+03 9.841400000000000148e-01
8.570000000000000000e+03 9.844000000000000528e-01
8.580000000000000000e+03 9.845300000000000162e-01
8.590000000000000000e+03 9.848500000000000032e-01
8.600000000000000000e+03 9.851999999999999647e-01
8.610000000000000000e+03 9.852899999999999991e-01
8.620000000000000000e+03 9.854300000000000281e-01
8.630000000000000000e+03 9.855500000000000371e-01
8.640000000000000000e+03 9.857200000000000406e-01
8.650000000000000000e+03 9.859200000000000186e-01
8.660000000000000000e+03 9.860200000000000076e-01
8.670000000000000000e+03 9.861100000000000421e-01
8.680000000000000000e+03 9.862499999999999600e-01
8.690000000000000000e+03 9.863499999999999490e-01
8.700000000000000000e+03 9.864699999999999580e-01
8.710000000000000000e+03 9.865300000000000180e-01
8.720000000000000000e+03 9.866399999999999615e-01
8.730000000000000000e+03 9.867299999999999960e-01
8.740000000000000000e+03 9.868200000000000305e-01
8.750000000000000000e+03 9.868599999999999595e-01
8.760000000000000000e+03 9.868599999999999595e-01
8.770000000000000000e+03 9.869499999999999940e-01
8.780000000000000000e+03 9.868900000000000450e-01
8.790000000000000000e+03 9.869200000000000195e-01
8.800000000000000000e+03 9.868900000000000450e-01
8.810000000000000000e+03 9.866300000000000070e-01
8.820000000000000000e+03 9.864100000000000090e-01
8.830000000000000000e+03 9.866700000000000470e-01
8.840000000000000000e+03 9.866500000000000270e-01
8.850000000000000000e+03 9.866899999999999560e-01
8.860000000000000000e+03 9.850400000000000267e-01
8.870000000000000000e+03 9.858700000000000241e-01
8.880000000000000000e+03 9.847900000000000542e-01
8.890000000000000000e+03 9.866500000000000270e-01
8.900000000000000000e+03 9.854500000000000481e-01
8.910000000000000000e+03 9.857299999999999951e-01
8.920000000000000000e+03 9.835099999999999953e-01
8.930000000000000000e+03 9.762899999999999912e-01
8.940000000000000000e+03 9.742600000000000149e-01
8.950000000000000000e+03 9.561699999999999644e-01
8.960000000000000000e+03 9.286699999999999955e-01
8.970000000000000000e+03 9.068699999999999539e-01
8.980000000000000000e+03 9.251000000000000334e-01
8.990000000000000000e+03 8.359499999999999709e-01
9.000000000000000000e+03 8.915499999999999536e-01
9.010000000000000000e+03 8.849500000000000144e-01
9.020000000000000000e+03 8.939300000000000024e-01
9.030000000000000000e+03 9.006300000000000416e-01
9.040000000000000000e+03 9.585200000000000387e-01
9.050000000000000000e+03 9.501800000000000246e-01
9.060000000000000000e+03 9.453599999999999781e-01
9.070000000000000000e+03 8.950399999999999467e-01
9.080000000000000000e+03 8.827599999999999891e-01
9.090000000000000000e+03 8.893799999999999484e-01
9.100000000000000000e+03 8.987300000000000288e-01
9.110000000000000000e+03 9.053799999999999626e-01
9.120000000000000000e+03 8.998500000000000387e-01
9.130000000000000000e+03 8.880000000000000115e-01
9.140000000000000000e+03 8.835199999999999720e-01
9.150000000000000000e+03 9.086100000000000287e-01
9.160000000000000000e+03 8.739400000000000501e-01
9.170000000000000000e+03 9.270699999999999497e-01
9.180000000000000000e+03 8.808500000000000218e-01
9.190000000000000000e+03 9.360899999999999777e-01
9.200000000000000000e+03 9.438400000000000123e-01
9.210000000000000000e+03 9.572800000000000198e-01
9.220000000000000000e+03 9.444299999999999917e-01
9.230000000000000000e+03 9.540300000000000447e-01
9.240000000000000000e+03 9.438400000000000123e-01
9.250000000000000000e+03 9.382399999999999629e-01
9.260000000000000000e+03 9.475799999999999779e-01
9.270000000000000000e+03 9.553399999999999670e-01
9.280000000000000000e+03 8.947199999999999598e-01
9.290000000000000000e+03 8.778500000000000192e-01
9.300000000000000000e+03 8.198800000000000532e-01
9.310000000000000000e+03 7.527700000000000502e-01
9.320000000000000000e+03 6.462499999999999911e-01
9.330000000000000000e+03 6.260599999999999499e-01
9.340000000000000000e+03 5.354700000000000015e-01
9.350000000000000000e+03 5.924199999999999466e-01
9.360000000000000000e+03 5.921800000000000397e-01
9.370000000000000000e+03 5.864599999999999813e-01
9.380000000000000000e+03 6.296199999999999575e-01
9.390000000000000000e+03 7.305800000000000072e-01
9.400000000000000000e+03 8.090199999999999614e-01
9.410000000000000000e+03 7.564499999999999558e-01
9.420000000000000000e+03 7.788800000000000168e-01
9.430000000000000000e+03 6.501099999999999657e-01
9.440000000000000000e+03 6.572900000000000409e-01
9.450000000000000000e+03 7.065900000000000514e-01
9.460000000000000000e+03 6.742799999999999905e-01
9.470000000000000000e+03 7.388200000000000323e-01
9.480000000000000000e+03 6.702000000000000179e-01
9.490000000000000000e+03 7.893099999999999561e-01
9.500000000000000000e+03 6.702000000000000179e-01
9.510000000000000000e+03 8.116200000000000081e-01
9.520000000000000000e+03 7.014399999999999524e-01
9.530000000000000000e+03 7.302499999999999547e-01
9.540000000000000000e+03 7.731400000000000494e-01
9.550000000000000000e+03 7.667699999999999516e-01
9.560000000000000000e+03 7.381100000000000438e-01
9.570000000000000000e+03 7.531299999999999661e-01
9.580000000000000000e+03 8.211399999999999810e-01
9.590000000000000000e+03 7.657699999999999507e-01
9.600000000000000000e+03 7.792599999999999527e-01
9.610000000000000000e+03 8.308999999999999719e-01
9.620000000000000000e+03 8.311699999999999644e-01
9.630000000000000000e+03 8.247400000000000286e-01
9.640000000000000000e+03 8.470999999999999641e-01
9.650000000000000000e+03 8.640900000000000247e-01
9.660000000000000000e+03 8.704699999999999660e-01
9.670000000000000000e+03 8.538799999999999724e-01
9.680000000000000000e+03 9.452099999999999946e-01
9.690000000000000000e+03 9.387600000000000389e-01
9.700000000000000000e+03 9.417900000000000160e-01
9.710000000000000000e+03 9.495200000000000307e-01
9.720000000000000000e+03 9.364099999999999646e-01
9.730000000000000000e+03 9.214599999999999458e-01
9.740000000000000000e+03 9.112400000000000500e-01
9.750000000000000000e+03 8.933499999999999774e-01
9.760000000000000000e+03 8.933299999999999574e-01
9.770000000000000000e+03 9.310500000000000442e-01
9.780000000000000000e+03 9.341099999999999959e-01
9.790000000000000000e+03 9.279800000000000271e-01
9.800000000000000000e+03 9.309899999999999842e-01
9.810000000000000000e+03 9.633899999999999686e-01
9.820000000000000000e+03 9.660699999999999843e-01
9.830000000000000000e+03 9.576999999999999957e-01
9.840000000000000000e+03 9.808799999999999741e-01
9.850000000000000000e+03 9.697000000000000064e-01
9.860000000000000000e+03 9.851299999999999502e-01
9.870000000000000000e+03 9.845800000000000107e-01
9.880000000000000000e+03 9.850700000000000012e-01
9.890000000000000000e+03 9.890799999999999592e-01
9.900000000000000000e+03 9.862100000000000311e-01
9.910000000000000000e+03 9.886300000000000088e-01
9.920000000000000000e+03 9.895399999999999752e-01
9.930000000000000000e+03 9.876399999999999624e-01
9.940000000000000000e+03 9.905399999999999761e-01
9.950000000000000000e+03 9.912300000000000555e-01
9.960000000000000000e+03 9.911100000000000465e-01
9.970000000000000000e+03 9.912499999999999645e-01
9.980000000000000000e+03 9.910299999999999665e-01
9.990000000000000000e+03 9.909799999999999720e-01
1.000000000000000000e+04 9.899999999999999911e-01
1.001000000000000000e+04 9.914100000000000135e-01
1.002000000000000000e+04 9.870799999999999574e-01
1.003000000000000000e+04 9.908299999999999885e-01
1.004000000000000000e+04 9.905699999999999505e-01
1.005000000000000000e+04 9.909000000000000030e-01
1.006000000000000000e+04 9.911499999999999755e-01
1.007000000000000000e+04 9.914800000000000280e-01
1.008000000000000000e+04 9.907099999999999795e-01
1.009000000000000000e+04 9.889299999999999757e-01
1.010000000000000000e+04 9.887500000000000178e-01
1.011000000000000000e+04 9.916899999999999604e-01
1.012000000000000000e+04 9.908599999999999630e-01
1.013000000000000000e+04 9.918700000000000294e-01
1.014000000000000000e+04 9.919299999999999784e-01
1.015000000000000000e+04 9.917099999999999804e-01
1.016000000000000000e+04 9.917399999999999549e-01
1.017000000000000000e+04 9.917000000000000259e-01
1.018000000000000000e+04 9.923800000000000399e-01
1.019000000000000000e+04 9.909700000000000175e-01
1.020000000000000000e+04 9.916199999999999459e-01
1.021000000000000000e+04 9.923399999999999999e-01
1.022000000000000000e+04 9.918700000000000294e-01
1.023000000000000000e+04 9.912400000000000100e-01
1.024000000000000000e+04 9.901100000000000456e-01
1.025000000000000000e+04 9.920900000000000274e-01
1.026000000000000000e+04 9.921400000000000219e-01
1.027000000000000000e+04 9.921200000000000019e-01
1.028000000000000000e+04 9.919099999999999584e-01
1.029000000000000000e+04 9.920799999999999619e-01
1.030000000000000000e+04 9.926599999999999868e-01
1.031000000000000000e+04 9.925899999999999723e-01
1.032000000000000000e+04 9.927500000000000213e-01
1.033000000000000000e+04 9.928000000000000158e-01
1.034000000000000000e+04 9.927399999999999558e-01
1.035000000000000000e+04 9.928799999999999848e-01
1.036000000000000000e+04 9.927500000000000213e-01
1.037000000000000000e+04 9.926300000000000123e-01
1.038000000000000000e+04 9.927300000000000013e-01
1.039000000000000000e+04 9.927000000000000268e-01
1.040000000000000000e+04 9.926800000000000068e-01
1.041000000000000000e+04 9.926099999999999923e-01
1.042000000000000000e+04 9.926000000000000378e-01
1.043000000000000000e+04 9.925899999999999723e-01
1.044000000000000000e+04 9.925100000000000033e-01
1.045000000000000000e+04 9.923899999999999944e-01
1.046000000000000000e+04 9.922299999999999454e-01
1.047000000000000000e+04 9.921200000000000019e-01
1.048000000000000000e+04 9.919299999999999784e-01
1.049000000000000000e+04 9.913499999999999535e-01
1.050000000000000000e+04 9.909200000000000230e-01
1.051000000000000000e+04 9.909799999999999720e-01
1.052000000000000000e+04 9.905199999999999561e-01
1.053000000000000000e+04 9.901200000000000001e-01
1.054000000000000000e+04 9.896899999999999586e-01
1.055000000000000000e+04 9.890400000000000302e-01
1.056000000000000000e+04 9.882900000000000018e-01
1.057000000000000000e+04 9.874000000000000554e-01
1.058000000000000000e+04 9.864199999999999635e-01
1.059000000000000000e+04 9.855399999999999716e-01
1.060000000000000000e+04 9.849200000000000177e-01
1.061000000000000000e+04 9.844199999999999617e-01
1.062000000000000000e+04 9.837599999999999678e-01
1.063000000000000000e+04 9.830900000000000194e-01
1.064000000000000000e+04 9.824100000000000055e-01
1.065000000000000000e+04 9.815000000000000391e-01
1.066000000000000000e+04 9.816700000000000426e-01
1.067000000000000000e+04 9.818099999999999605e-01
1.068000000000000000e+04 9.818599999999999550e-01
1.069000000000000000e+04 9.837099999999999733e-01
1.070000000000000000e+04 9.844600000000000017e-01
1.071000000000000000e+04 9.869499999999999940e-01
1.072000000000000000e+04 9.867799999999999905e-01
1.073000000000000000e+04 9.882600000000000273e-01
1.074000000000000000e+04 9.886099999999999888e-01
1.075000000000000000e+04 9.868500000000000050e-01
1.076000000000000000e+04 9.909700000000000175e-01
1.077000000000000000e+04 9.882499999999999618e-01
1.078000000000000000e+04 9.867899999999999450e-01
1.079000000000000000e+04 9.913899999999999935e-01
1.080000000000000000e+04 9.870900000000000230e-01
1.081000000000000000e+04 9.851199999999999957e-01
1.082000000000000000e+04 9.874600000000000044e-01
1.083000000000000000e+04 9.859599999999999476e-01
1.084000000000000000e+04 9.852300000000000502e-01
1.085000000000000000e+04 9.870600000000000485e-01
1.086000000000000000e+04 9.713300000000000267e-01
1.087000000000000000e+04 9.794500000000000428e-01
1.088000000000000000e+04 9.905899999999999705e-01
1.089000000000000000e+04 9.817200000000000371e-01
1.090000000000000000e+04 9.773699999999999610e-01
1.091000000000000000e+04 9.820699999999999985e-01
1.092000000000000000e+04 9.752800000000000358e-01
1.093000000000000000e+04 9.688799999999999635e-01
1.094000000000000000e+04 9.786200000000000454e-01
1.095000000000000000e+04 9.703000000000000513e-01
1.096000000000000000e+04 9.636400000000000521e-01
1.097000000000000000e+04 9.788099999999999579e-01
1.098000000000000000e+04 9.637200000000000211e-01
1.099000000000000000e+04 9.523399999999999643e-01
1.100000000000000000e+04 9.471899999999999764e-01
1.101000000000000000e+04 9.471899999999999764e-01
1.102000000000000000e+04 9.471899999999999764e-01
1.103000000000000000e+04 9.471899999999999764e-01
1.104000000000000000e+04 9.471899999999999764e-01
1.105000000000000000e+04 9.471899999999999764e-01
1.106000000000000000e+04 9.471899999999999764e-01
1.107000000000000000e+04 9.471899999999999764e-01
1.108000000000000000e+04 9.471899999999999764e-01
1.109000000000000000e+04 9.471899999999999764e-01
1.110000000000000000e+04 9.471899999999999764e-01
1.111000000000000000e+04 9.471899999999999764e-01
1.112000000000000000e+04 9.471899999999999764e-01
1.113000000000000000e+04 9.471899999999999764e-01
1.114000000000000000e+04 9.471899999999999764e-01
1.115000000000000000e+04 9.471899999999999764e-01
1.116000000000000000e+04 9.471899999999999764e-01
1.117000000000000000e+04 9.471899999999999764e-01
1.118000000000000000e+04 9.471899999999999764e-01
1.119000000000000000e+04 9.471899999999999764e-01
1.120000000000000000e+04 9.471899999999999764e-01
1.121000000000000000e+04 9.471899999999999764e-01
1.122000000000000000e+04 9.471899999999999764e-01
1.123000000000000000e+04 9.471899999999999764e-01
1.124000000000000000e+04 9.471899999999999764e-01
1.125000000000000000e+04 9.471899999999999764e-01
1.126000000000000000e+04 9.471899999999999764e-01
1.127000000000000000e+04 9.471899999999999764e-01
1.128000000000000000e+04 9.471899999999999764e-01
1.129000000000000000e+04 9.471899999999999764e-01
1.130000000000000000e+04 9.471899999999999764e-01
1.131000000000000000e+04 9.471899999999999764e-01
1.132000000000000000e+04 9.471899999999999764e-01
1.133000000000000000e+04 9.471899999999999764e-01
1.134000000000000000e+04 9.471899999999999764e-01
1.135000000000000000e+04 9.471899999999999764e-01
1.136000000000000000e+04 9.471899999999999764e-01
1.137000000000000000e+04 9.471899999999999764e-01
1.138000000000000000e+04 9.471899999999999764e-01
1.139000000000000000e+04 9.471899999999999764e-01
1.140000000000000000e+04 9.471899999999999764e-01
1.141000000000000000e+04 9.471899999999999764e-01
1.142000000000000000e+04 9.471899999999999764e-01
1.143000000000000000e+04 9.471899999999999764e-01
1.144000000000000000e+04 9.471899999999999764e-01
1.145000000000000000e+04 9.471899999999999764e-01
1.146000000000000000e+04 9.471899999999999764e-01
1.147000000000000000e+04 9.471899999999999764e-01
1.148000000000000000e+04 9.471899999999999764e-01
1.149000000000000000e+04 9.471899999999999764e-01
1.150000000000000000e+04 9.471899999999999764e-01
1.151000000000000000e+04 9.471899999999999764e-01
1.152000000000000000e+04 9.471899999999999764e-01
1.153000000000000000e+04 9.471899999999999764e-01
1.154000000000000000e+04 9.471899999999999764e-01
1.155000000000000000e+04 9.471899999999999764e-01
1.156000000000000000e+04 9.471899999999999764e-01
1.157000000000000000e+04 9.471899999999999764e-01
1.158000000000000000e+04 9.471899999999999764e-01
1.159000000000000000e+04 9.471899999999999764e-01
1.160000000000000000e+04 9.471899999999999764e-01
1.161000000000000000e+04 9.471899999999999764e-01
1.162000000000000000e+04 9.471899999999999764e-01
1.163000000000000000e+04 9.471899999999999764e-01
1.164000000000000000e+04 9.471899999999999764e-01
1.165000000000000000e+04 9.471899999999999764e-01
1.166000000000000000e+04 9.471899999999999764e-01
1.167000000000000000e+04 9.471899999999999764e-01
1.168000000000000000e+04 9.471899999999999764e-01
1.169000000000000000e+04 9.471899999999999764e-01
1.170000000000000000e+04 9.471899999999999764e-01
1.171000000000000000e+04 9.471899999999999764e-01
1.172000000000000000e+04 9.471899999999999764e-01
1.173000000000000000e+04 9.471899999999999764e-01
1.174000000000000000e+04 9.471899999999999764e-01
1.175000000000000000e+04 9.471899999999999764e-01
1.176000000000000000e+04 9.471899999999999764e-01
1.177000000000000000e+04 9.471899999999999764e-01
1.178000000000000000e+04 9.471899999999999764e-01
1.179000000000000000e+04 9.471899999999999764e-01
1.180000000000000000e+04 9.471899999999999764e-01
1.181000000000000000e+04 9.471899999999999764e-01
1.182000000000000000e+04 9.471899999999999764e-01
1.183000000000000000e+04 9.471899999999999764e-01
1.184000000000000000e+04 9.471899999999999764e-01
1.185000000000000000e+04 9.471899999999999764e-01
1.186000000000000000e+04 9.471899999999999764e-01
1.187000000000000000e+04 9.471899999999999764e-01
1.188000000000000000e+04 9.471899999999999764e-01
1.189000000000000000e+04 9.471899999999999764e-01
1.190000000000000000e+04 9.471899999999999764e-01
1.191000000000000000e+04 9.471899999999999764e-01
1.192000000000000000e+04 9.471899999999999764e-01
1.193000000000000000e+04 9.471899999999999764e-01
1.194000000000000000e+04 9.471899999999999764e-01
1.195000000000000000e+04 9.471899999999999764e-01
1.196000000000000000e+04 9.471899999999999764e-01
1.197000000000000000e+04 9.471899999999999764e-01
1.198000000000000000e+04 9.471899999999999764e-01
1.199000000000000000e+04 9.471899999999999764e-01
1.200000000000000000e+04 9.471899999999999764e-01
