3.000000000000000000e+03 2.346399999999999875e-01
3.010000000000000000e+03 2.464300000000000102e-01
3.020000000000000000e+03 2.589199999999999835e-01
3.030000000000000000e+03 2.721500000000000030e-01
3.040000000000000000e+03 2.861400000000000055e-01
3.050000000000000000e+03 3.065700000000000092e-01
3.060000000000000000e+03 3.209199999999999831e-01
3.070000000000000000e+03 3.359699999999999909e-01
3.080000000000000000e+03 3.517299999999999871e-01
3.090000000000000000e+03 3.682000000000000273e-01
3.100000000000000000e+03 3.932100000000000040e-01
3.110000000000000000e+03 4.092999999999999972e-01
3.120000000000000000e+03 4.259100000000000108e-01
3.130000000000000000e+03 4.429899999999999949e-01
3.140000000000000000e+03 4.605199999999999849e-01
3.150000000000000000e+03 4.881499999999999728e-01
3.160000000000000000e+03 5.044899999999999940e-01
3.170000000000000000e+03 5.209399999999999586e-01
3.180000000000000000e+03 5.374499999999999833e-01
3.190000000000000000e+03 5.539500000000000535e-01
3.200000000000000000e+03 5.810300000000000464e-01
3.210000000000000000e+03 5.947200000000000264e-01
3.220000000000000000e+03 6.080799999999999539e-01
3.230000000000000000e+03 6.210299999999999709e-01
3.240000000000000000e+03 6.335300000000000376e-01
3.250000000000000000e+03 6.557399999999999896e-01
3.260000000000000000e+03 6.650099999999999900e-01
3.270000000000000000e+03 6.736499999999999710e-01
3.280000000000000000e+03 6.816200000000000037e-01
3.290000000000000000e+03 6.889300000000000423e-01
3.300000000000000000e+03 7.041500000000000536e-01
3.310000000000000000e+03 7.081699999999999662e-01
3.320000000000000000e+03 7.115200000000000413e-01
3.330000000000000000e+03 7.142500000000000515e-01
3.340000000000000000e+03 7.163800000000000168e-01
3.350000000000000000e+03 7.243100000000000094e-01
3.360000000000000000e+03 7.238900000000000334e-01
3.370000000000000000e+03 7.230199999999999960e-01
3.380000000000000000e+03 7.217599999999999572e-01
3.390000000000000000e+03 7.201499999999999568e-01
3.400000000000000000e+03 7.225700000000000456e-01
3.410000000000000000e+03 7.187999999999999945e-01
3.420000000000000000e+03 7.148299999999999654e-01
3.430000000000000000e+03 7.106900000000000439e-01
3.440000000000000000e+03 7.064200000000000479e-01
3.450000000000000000e+03 7.047400000000000331e-01
3.460000000000000000e+03 6.996700000000000141e-01
3.470000000000000000e+03 6.946099999999999497e-01
3.480000000000000000e+03 6.895700000000000163e-01
3.490000000000000000e+03 6.845900000000000318e-01
3.500000000000000000e+03 6.812500000000000222e-01
3.510000000000000000e+03 6.745799999999999574e-01
3.520000000000000000e+03 6.680300000000000127e-01
3.530000000000000000e+03 6.616199999999999859e-01
3.540000000000000000e+03 6.553600000000000536e-01
3.550000000000000000e+03 6.500899999999999457e-01
3.560000000000000000e+03 6.439599999999999769e-01
3.570000000000000000e+03 6.380299999999999860e-01
3.580000000000000000e+03 6.322999999999999732e-01
3.590000000000000000e+03 6.267700000000000493e-01
3.600000000000000000e+03 6.218200000000000394e-01
3.610000000000000000e+03 6.183699999999999752e-01
3.620000000000000000e+03 6.149200000000000221e-01
3.630000000000000000e+03 6.114800000000000235e-01
3.640000000000000000e+03 6.080699999999999994e-01
3.650000000000000000e+03 6.043600000000000083e-01
3.660000000000000000e+03 6.010600000000000387e-01
3.670000000000000000e+03 5.977799999999999780e-01
3.680000000000000000e+03 5.945500000000000229e-01
3.690000000000000000e+03 5.913500000000000423e-01
3.700000000000000000e+03 5.875700000000000367e-01
3.710000000000000000e+03 5.907400000000000428e-01
3.720000000000000000e+03 5.940299999999999470e-01
3.730000000000000000e+03 5.974099999999999966e-01
3.740000000000000000e+03 6.008900000000000352e-01
3.750000000000000000e+03 6.039400000000000324e-01
3.760000000000000000e+03 6.076599999999999779e-01
3.770000000000000000e+03 6.114500000000000490e-01
3.780000000000000000e+03 6.152900000000000036e-01
3.790000000000000000e+03 6.191699999999999982e-01
3.800000000000000000e+03 6.226500000000000368e-01
3.810000000000000000e+03 6.254899999999999904e-01
3.820000000000000000e+03 6.284499999999999531e-01
3.830000000000000000e+03 6.315199999999999703e-01
3.840000000000000000e+03 6.347000000000000419e-01
3.850000000000000000e+03 6.376300000000000301e-01
3.860000000000000000e+03 6.410900000000000487e-01
3.870000000000000000e+03 6.446899999999999853e-01
3.880000000000000000e+03 6.484499999999999709e-01
3.890000000000000000e+03 6.525199999999999889e-01
3.900000000000000000e+03 6.558599999999999985e-01
3.910000000000000000e+03 6.601000000000000201e-01
3.920000000000000000e+03 6.642599999999999616e-01
3.930000000000000000e+03 6.673799999999999732e-01
3.940000000000000000e+03 6.719000000000000528e-01
3.950000000000000000e+03 6.763900000000000468e-01
3.960000000000000000e+03 6.810199999999999587e-01
3.970000000000000000e+03 6.856999999999999762e-01
3.980000000000000000e+03 6.904400000000000537e-01
3.990000000000000000e+03 6.952199999999999491e-01
4.000000000000000000e+03 6.998600000000000376e-01
4.010000000000000000e+03 7.043099999999999916e-01
4.020000000000000000e+03 7.087900000000000311e-01
4.030000000000000000e+03 7.133099999999999996e-01
4.040000000000000000e+03 7.178600000000000536e-01
4.050000000000000000e+03 7.222800000000000331e-01
4.060000000000000000e+03 7.268900000000000361e-01
4.070000000000000000e+03 7.315300000000000136e-01
4.080000000000000000e+03 7.361900000000000110e-01
4.090000000000000000e+03 7.408599999999999630e-01
4.100000000000000000e+03 7.454100000000000170e-01
4.110000000000000000e+03 7.476500000000000368e-01
4.120000000000000000e+03 7.499000000000000110e-01
4.130000000000000000e+03 7.521400000000000308e-01
4.140000000000000000e+03 7.543800000000000505e-01
4.150000000000000000e+03 7.565100000000000158e-01
4.160000000000000000e+03 7.587500000000000355e-01
4.170000000000000000e+03 7.609900000000000553e-01
4.180000000000000000e+03 7.632200000000000095e-01
4.190000000000000000e+03 7.654400000000000093e-01
4.200000000000000000e+03 7.675400000000000000e-01
4.210000000000000000e+03 7.702900000000000302e-01
4.220000000000000000e+03 7.730399999999999494e-01
4.230000000000000000e+03 7.757600000000000051e-01
4.240000000000000000e+03 7.784699999999999953e-01
4.250000000000000000e+03 7.810599999999999765e-01
4.260000000000000000e+03 7.837199999999999722e-01
4.270000000000000000e+03 7.863700000000000134e-01
4.280000000000000000e+03 7.889899999999999691e-01
4.290000000000000000e+03 7.915799999999999503e-01
4.300000000000000000e+03 7.940700000000000536e-01
4.310000000000000000e+03 7.962500000000000133e-01
4.320000000000000000e+03 7.983999999999999986e-01
4.330000000000000000e+03 8.005200000000000093e-01
4.340000000000000000e+03 8.026200000000000001e-01
4.350000000000000000e+03 8.046100000000000474e-01
4.360000000000000000e+03 8.066499999999999782e-01
4.370000000000000000e+03 8.086499999999999799e-01
4.380000000000000000e+03 8.106299999999999617e-01
4.390000000000000000e+03 8.125799999999999690e-01
4.400000000000000000e+03 8.144200000000000328e-01
4.410000000000000000e+03 8.160899999999999821e-01
4.420000000000000000e+03 8.177400000000000224e-01
4.430000000000000000e+03 8.193500000000000227e-01
4.440000000000000000e+03 8.209300000000000486e-01
4.450000000000000000e+03 8.224200000000000399e-01
4.460000000000000000e+03 8.239400000000000057e-01
4.470000000000000000e+03 8.254200000000000426e-01
4.480000000000000000e+03 8.268799999999999484e-01
4.490000000000000000e+03 8.283000000000000362e-01
4.500000000000000000e+03 8.296299999999999786e-01
4.510000000000000000e+03 8.308600000000000430e-01
4.520000000000000000e+03 8.320499999999999563e-01
4.530000000000000000e+03 8.332199999999999607e-01
4.540000000000000000e+03 8.343599999999999905e-01
4.550000000000000000e+03 8.354099999999999859e-01
4.560000000000000000e+03 8.364899999999999558e-01
4.570000000000000000e+03 8.375500000000000167e-01
4.580000000000000000e+03 8.385700000000000376e-01
4.590000000000000000e+03 8.395700000000000385e-01
4.600000000000000000e+03 8.404899999999999594e-01
4.610000000000000000e+03 8.414300000000000113e-01
4.620000000000000000e+03 8.423500000000000432e-01
4.630000000000000000e+03 8.432399999999999896e-01
4.640000000000000000e+03 8.440999999999999615e-01
4.650000000000000000e+03 8.448999999999999844e-01
4.660000000000000000e+03 8.457099999999999618e-01
4.670000000000000000e+03 8.465000000000000302e-01
4.680000000000000000e+03 8.472699999999999676e-01
4.690000000000000000e+03 8.480100000000000415e-01
4.700000000000000000e+03 8.486900000000000555e-01
4.710000000000000000e+03 8.495000000000000329e-01
4.720000000000000000e+03 8.502899999999999903e-01
4.730000000000000000e+03 8.510499999999999732e-01
4.740000000000000000e+03 8.518000000000000016e-01
4.750000000000000000e+03 8.524800000000000155e-01
4.760000000000000000e+03 8.531900000000000039e-01
4.770000000000000000e+03 8.538700000000000179e-01
4.780000000000000000e+03 8.545300000000000118e-01
4.790000000000000000e+03 8.551800000000000512e-01
4.800000000000000000e+03 8.557700000000000307e-01
4.810000000000000000e+03 8.563800000000000301e-01
4.820000000000000000e+03 8.569799999999999640e-01
4.830000000000000000e+03 8.575500000000000345e-01
4.840000000000000000e+03 8.581100000000000394e-01
4.850000000000000000e+03 8.586200000000000498e-01
4.860000000000000000e+03 8.591600000000000348e-01
4.870000000000000000e+03 8.596700000000000452e-01
4.880000000000000000e+03 8.601799999999999446e-01
4.890000000000000000e+03 8.606700000000000461e-01
4.900000000000000000e+03 8.611199999999999966e-01
4.910000000000000000e+03 8.613100000000000200e-01
4.920000000000000000e+03 8.614800000000000235e-01
4.930000000000000000e+03 8.616399999999999615e-01
4.940000000000000000e+03 8.618000000000000105e-01
4.950000000000000000e+03 8.619099999999999540e-01
4.960000000000000000e+03 8.620400000000000285e-01
4.970000000000000000e+03 8.621600000000000374e-01
4.980000000000000000e+03 8.622800000000000464e-01
4.990000000000000000e+03 8.623800000000000354e-01
5.000000000000000000e+03 8.624500000000000499e-01
5.010000000000000000e+03 8.622499999999999609e-01
5.020000000000000000e+03 8.620299999999999629e-01
5.030000000000000000e+03 8.618000000000000105e-01
5.040000000000000000e+03 8.615699999999999470e-01
5.050000000000000000e+03 8.612999999999999545e-01
5.060000000000000000e+03 8.610600000000000476e-01
5.070000000000000000e+03 8.608099999999999641e-01
5.080000000000000000e+03 8.605500000000000371e-01
5.090000000000000000e+03 8.602899999999999991e-01
5.100000000000000000e+03 8.599999999999999867e-01
5.110000000000000000e+03 8.600200000000000067e-01
5.120000000000000000e+03 8.600299999999999612e-01
5.130000000000000000e+03 8.600499999999999812e-01
5.140000000000000000e+03 8.600600000000000467e-01
5.150000000000000000e+03 8.600400000000000267e-01
5.160000000000000000e+03 8.600499999999999812e-01
5.170000000000000000e+03 8.600499999999999812e-01
5.180000000000000000e+03 8.600499999999999812e-01
5.190000000000000000e+03 8.600600000000000467e-01
5.200000000000000000e+03 8.600299999999999612e-01
5.210000000000000000e+03 8.597299999999999942e-01
5.220000000000000000e+03 8.594300000000000272e-01
5.230000000000000000e+03 8.591299999999999493e-01
5.240000000000000000e+03 8.588299999999999823e-01
5.250000000000000000e+03 8.585099999999999953e-01
5.260000000000000000e+03 8.581999999999999629e-01
5.270000000000000000e+03 8.578999999999999959e-01
5.280000000000000000e+03 8.575899999999999634e-01
5.290000000000000000e+03 8.572899999999999965e-01
5.300000000000000000e+03 8.569600000000000550e-01
5.310000000000000000e+03 8.572699999999999765e-01
5.320000000000000000e+03 8.575800000000000090e-01
5.330000000000000000e+03 8.578900000000000414e-01
5.340000000000000000e+03 8.581999999999999629e-01
5.350000000000000000e+03 8.585000000000000409e-01
5.360000000000000000e+03 8.588200000000000278e-01
5.370000000000000000e+03 8.591400000000000148e-01
5.380000000000000000e+03 8.594699999999999562e-01
5.390000000000000000e+03 8.597900000000000542e-01
5.400000000000000000e+03 8.601100000000000412e-01
5.410000000000000000e+03 8.598299999999999832e-01
5.420000000000000000e+03 8.595599999999999907e-01
5.430000000000000000e+03 8.592800000000000438e-01
5.440000000000000000e+03 8.590100000000000513e-01
5.450000000000000000e+03 8.587299999999999933e-01
5.460000000000000000e+03 8.584699999999999553e-01
5.470000000000000000e+03 8.582100000000000284e-01
5.480000000000000000e+03 8.579499999999999904e-01
5.490000000000000000e+03 8.577000000000000179e-01
5.500000000000000000e+03 8.574300000000000255e-01
5.510000000000000000e+03 8.574899999999999745e-01
5.520000000000000000e+03 8.575599999999999890e-01
5.530000000000000000e+03 8.576300000000000034e-01
5.540000000000000000e+03 8.577000000000000179e-01
5.550000000000000000e+03 8.577700000000000324e-01
5.560000000000000000e+03 8.578500000000000014e-01
5.570000000000000000e+03 8.579400000000000359e-01
5.580000000000000000e+03 8.580299999999999594e-01
5.590000000000000000e+03 8.581299999999999484e-01
5.600000000000000000e+03 8.582199999999999829e-01
5.610000000000000000e+03 8.580200000000000049e-01
5.620000000000000000e+03 8.578200000000000269e-01
5.630000000000000000e+03 8.576300000000000034e-01
5.640000000000000000e+03 8.574399999999999800e-01
5.650000000000000000e+03 8.572400000000000020e-01
5.660000000000000000e+03 8.570699999999999985e-01
5.670000000000000000e+03 8.568900000000000405e-01
5.680000000000000000e+03 8.567299999999999915e-01
5.690000000000000000e+03 8.565599999999999881e-01
5.700000000000000000e+03 8.563899999999999846e-01
5.710000000000000000e+03 8.565500000000000336e-01
5.720000000000000000e+03 8.567099999999999715e-01
5.730000000000000000e+03 8.568799999999999750e-01
5.740000000000000000e+03 8.570499999999999785e-01
5.750000000000000000e+03 8.572199999999999820e-01
5.760000000000000000e+03 8.574000000000000510e-01
5.770000000000000000e+03 8.575899999999999634e-01
5.780000000000000000e+03 8.577799999999999869e-01
5.790000000000000000e+03 8.579799999999999649e-01
5.800000000000000000e+03 8.581699999999999884e-01
5.810000000000000000e+03 8.580699999999999994e-01
5.820000000000000000e+03 8.579799999999999649e-01
5.830000000000000000e+03 8.578900000000000414e-01
5.840000000000000000e+03 8.578000000000000069e-01
5.850000000000000000e+03 8.577099999999999724e-01
5.860000000000000000e+03 8.576399999999999579e-01
5.870000000000000000e+03 8.575700000000000545e-01
5.880000000000000000e+03 8.575000000000000400e-01
5.890000000000000000e+03 8.574399999999999800e-01
5.900000000000000000e+03 8.573800000000000310e-01
5.910000000000000000e+03 8.576599999999999779e-01
5.920000000000000000e+03 8.579400000000000359e-01
5.930000000000000000e+03 8.582199999999999829e-01
5.940000000000000000e+03 8.585099999999999953e-01
5.950000000000000000e+03 8.588000000000000078e-01
5.960000000000000000e+03 8.590999999999999748e-01
5.970000000000000000e+03 8.594000000000000528e-01
5.980000000000000000e+03 8.597099999999999742e-01
5.990000000000000000e+03 8.600299999999999612e-01
6.000000000000000000e+03 8.603300000000000392e-01
6.010000000000000000e+03 8.603499999999999481e-01
6.020000000000000000e+03 8.603600000000000136e-01
6.030000000000000000e+03 8.603800000000000336e-01
6.040000000000000000e+03 8.604100000000000081e-01
6.050000000000000000e+03 8.604300000000000281e-01
6.060000000000000000e+03 8.604699999999999571e-01
6.070000000000000000e+03 8.605099999999999971e-01
6.080000000000000000e+03 8.605500000000000371e-01
6.090000000000000000e+03 8.606000000000000316e-01
6.100000000000000000e+03 8.606500000000000261e-01
6.110000000000000000e+03 8.610100000000000531e-01
6.120000000000000000e+03 8.613800000000000345e-01
6.130000000000000000e+03 8.617500000000000160e-01
6.140000000000000000e+03 8.621299999999999519e-01
6.150000000000000000e+03 8.625000000000000444e-01
6.160000000000000000e+03 8.628900000000000459e-01
6.170000000000000000e+03 8.632699999999999818e-01
6.180000000000000000e+03 8.636700000000000488e-01
6.190000000000000000e+03 8.640600000000000502e-01
6.200000000000000000e+03 8.644500000000000517e-01
6.210000000000000000e+03 8.647299999999999986e-01
6.220000000000000000e+03 8.650200000000000111e-01
6.230000000000000000e+03 8.653100000000000236e-01
6.240000000000000000e+03 8.656000000000000361e-01
6.250000000000000000e+03 8.659000000000000030e-01
6.260000000000000000e+03 8.661999999999999700e-01
6.270000000000000000e+03 8.665000000000000480e-01
6.280000000000000000e+03 8.668099999999999694e-01
6.290000000000000000e+03 8.671200000000000019e-01
6.300000000000000000e+03 8.674300000000000344e-01
6.310000000000000000e+03 8.676899999999999613e-01
6.320000000000000000e+03 8.679599999999999538e-01
6.330000000000000000e+03 8.682199999999999918e-01
6.340000000000000000e+03 8.684899999999999842e-01
6.350000000000000000e+03 8.687599999999999767e-01
6.360000000000000000e+03 8.690400000000000347e-01
6.370000000000000000e+03 8.693199999999999816e-01
6.380000000000000000e+03 8.696099999999999941e-01
6.390000000000000000e+03 8.698900000000000521e-01
6.400000000000000000e+03 8.701799999999999535e-01
6.410000000000000000e+03 8.703600000000000225e-01
6.420000000000000000e+03 8.705399999999999805e-01
6.430000000000000000e+03 8.707300000000000040e-01
6.440000000000000000e+03 8.709200000000000275e-01
6.450000000000000000e+03 8.711100000000000509e-01
6.460000000000000000e+03 8.712999999999999634e-01
6.470000000000000000e+03 8.715100000000000069e-01
6.480000000000000000e+03 8.717099999999999849e-01
6.490000000000000000e+03 8.719200000000000284e-01
6.500000000000000000e+03 8.721200000000000063e-01
6.510000000000000000e+03 8.724499999999999478e-01
6.520000000000000000e+03 8.727800000000000002e-01
6.530000000000000000e+03 8.731100000000000527e-01
6.540000000000000000e+03 8.734399999999999942e-01
6.550000000000000000e+03 8.737700000000000466e-01
6.560000000000000000e+03 8.741100000000000536e-01
6.570000000000000000e+03 8.744499999999999496e-01
6.580000000000000000e+03 8.747899999999999565e-01
6.590000000000000000e+03 8.751400000000000290e-01
6.600000000000000000e+03 8.754800000000000360e-01
6.610000000000000000e+03 8.757800000000000029e-01
6.620000000000000000e+03 8.760700000000000154e-01
6.630000000000000000e+03 8.763699999999999823e-01
6.640000000000000000e+03 8.766699999999999493e-01
6.650000000000000000e+03 8.769799999999999818e-01
6.660000000000000000e+03 8.772799999999999487e-01
6.670000000000000000e+03 8.775899999999999812e-01
6.680000000000000000e+03 8.779000000000000137e-01
6.690000000000000000e+03 8.782100000000000461e-01
6.700000000000000000e+03 8.785300000000000331e-01
6.710000000000000000e+03 8.788500000000000201e-01
6.720000000000000000e+03 8.791900000000000270e-01
6.730000000000000000e+03 8.795199999999999685e-01
6.740000000000000000e+03 8.798500000000000210e-01
6.750000000000000000e+03 8.801799999999999624e-01
6.760000000000000000e+03 8.805199999999999694e-01
6.770000000000000000e+03 8.808599999999999763e-01
6.780000000000000000e+03 8.811999999999999833e-01
6.790000000000000000e+03 8.815399999999999903e-01
6.800000000000000000e+03 8.818899999999999517e-01
6.810000000000000000e+03 8.822299999999999587e-01
6.820000000000000000e+03 8.825800000000000312e-01
6.830000000000000000e+03 8.829299999999999926e-01
6.840000000000000000e+03 8.832799999999999541e-01
6.850000000000000000e+03 8.836199999999999610e-01
6.860000000000000000e+03 8.839700000000000335e-01
6.870000000000000000e+03 8.843299999999999494e-01
6.880000000000000000e+03 8.846800000000000219e-01
6.890000000000000000e+03 8.850400000000000489e-01
6.900000000000000000e+03 8.853900000000000103e-01
6.910000000000000000e+03 8.857500000000000373e-01
6.920000000000000000e+03 8.860999999999999988e-01
6.930000000000000000e+03 8.864600000000000257e-01
6.940000000000000000e+03 8.868200000000000527e-01
6.950000000000000000e+03 8.871700000000000141e-01
6.960000000000000000e+03 8.875300000000000411e-01
6.970000000000000000e+03 8.879000000000000226e-01
6.980000000000000000e+03 8.882600000000000495e-01
6.990000000000000000e+03 8.886199999999999655e-01
7.000000000000000000e+03 8.889799999999999924e-01
7.010000000000000000e+03 8.893400000000000194e-01
7.020000000000000000e+03 8.896899999999999809e-01
7.030000000000000000e+03 8.900500000000000078e-01
7.040000000000000000e+03 8.904100000000000348e-01
7.050000000000000000e+03 8.907699999999999507e-01
7.060000000000000000e+03 8.911299999999999777e-01
7.070000000000000000e+03 8.914900000000000047e-01
7.080000000000000000e+03 8.918500000000000316e-01
7.090000000000000000e+03 8.922099999999999476e-01
7.100000000000000000e+03 8.925699999999999745e-01
7.110000000000000000e+03 8.929200000000000470e-01
7.120000000000000000e+03 8.932799999999999629e-01
7.130000000000000000e+03 8.936399999999999899e-01
7.140000000000000000e+03 8.940000000000000169e-01
7.150000000000000000e+03 8.943499999999999783e-01
7.160000000000000000e+03 8.947100000000000053e-01
7.170000000000000000e+03 8.950700000000000323e-01
7.180000000000000000e+03 8.954299999999999482e-01
7.190000000000000000e+03 8.957800000000000207e-01
7.200000000000000000e+03 8.961400000000000476e-01
7.210000000000000000e+03 8.964999999999999636e-01
7.220000000000000000e+03 8.968599999999999905e-01
7.230000000000000000e+03 8.972200000000000175e-01
7.240000000000000000e+03 8.975800000000000445e-01
7.250000000000000000e+03 8.979399999999999604e-01
7.260000000000000000e+03 8.982999999999999874e-01
7.270000000000000000e+03 8.986600000000000144e-01
7.280000000000000000e+03 8.990200000000000413e-01
7.290000000000000000e+03 8.993700000000000028e-01
7.300000000000000000e+03 8.997300000000000297e-01
7.310000000000000000e+03 9.000899999999999457e-01
7.320000000000000000e+03 9.004400000000000182e-01
7.330000000000000000e+03 9.007899999999999796e-01
7.340000000000000000e+03 9.011500000000000066e-01
7.350000000000000000e+03 9.014999999999999680e-01
7.360000000000000000e+03 9.018500000000000405e-01
7.370000000000000000e+03 9.022000000000000020e-01
7.380000000000000000e+03 9.025499999999999634e-01
7.390000000000000000e+03 9.029000000000000359e-01
7.400000000000000000e+03 9.032499999999999973e-01
7.410000000000000000e+03 9.035999999999999588e-01
7.420000000000000000e+03 9.039500000000000313e-01
7.430000000000000000e+03 9.042999999999999927e-01
7.440000000000000000e+03 9.046399999999999997e-01
7.450000000000000000e+03 9.049800000000000066e-01
7.460000000000000000e+03 9.053299999999999681e-01
7.470000000000000000e+03 9.056699999999999751e-01
7.480000000000000000e+03 9.060099999999999820e-01
7.490000000000000000e+03 9.063499999999999890e-01
7.500000000000000000e+03 9.066899999999999959e-01
7.510000000000000000e+03 9.070099999999999829e-01
7.520000000000000000e+03 9.073400000000000354e-01
7.530000000000000000e+03 9.076600000000000223e-01
7.540000000000000000e+03 9.079899999999999638e-01
7.550000000000000000e+03 9.082999999999999963e-01
7.560000000000000000e+03 9.086199999999999832e-01
7.570000000000000000e+03 9.089399999999999702e-01
7.580000000000000000e+03 9.092599999999999572e-01
7.590000000000000000e+03 9.095699999999999896e-01
7.600000000000000000e+03 9.098800000000000221e-01
7.610000000000000000e+03 9.101900000000000546e-01
7.620000000000000000e+03 9.104999999999999760e-01
7.630000000000000000e+03 9.108100000000000085e-01
7.640000000000000000e+03 9.111099999999999755e-01
7.650000000000000000e+03 9.114100000000000534e-01
7.660000000000000000e+03 9.117100000000000204e-01
7.670000000000000000e+03 9.120099999999999874e-01
7.680000000000000000e+03 9.123099999999999543e-01
7.690000000000000000e+03 9.125999999999999668e-01
7.700000000000000000e+03 9.128899999999999793e-01
7.710000000000000000e+03 9.131799999999999917e-01
7.720000000000000000e+03 9.134700000000000042e-01
7.730000000000000000e+03 9.137499999999999512e-01
7.740000000000000000e+03 9.140300000000000091e-01
7.750000000000000000e+03 9.143099999999999561e-01
7.760000000000000000e+03 9.145799999999999486e-01
7.770000000000000000e+03 9.148500000000000520e-01
7.780000000000000000e+03 9.151200000000000445e-01
7.790000000000000000e+03 9.153900000000000370e-01
7.800000000000000000e+03 9.156499999999999639e-01
7.810000000000000000e+03 9.159100000000000019e-01
7.820000000000000000e+03 9.161599999999999744e-01
7.830000000000000000e+03 9.164099999999999469e-01
7.840000000000000000e+03 9.166600000000000303e-01
7.850000000000000000e+03 9.169000000000000483e-01
7.860000000000000000e+03 9.171399999999999553e-01
7.870000000000000000e+03 9.173799999999999732e-01
7.880000000000000000e+03 9.176100000000000367e-01
7.890000000000000000e+03 9.178300000000000347e-01
7.900000000000000000e+03 9.180500000000000327e-01
7.910000000000000000e+03 9.182799999999999851e-01
7.920000000000000000e+03 9.184999999999999831e-01
7.930000000000000000e+03 9.187199999999999811e-01
7.940000000000000000e+03 9.189300000000000246e-01
7.950000000000000000e+03 9.191399999999999570e-01
7.960000000000000000e+03 9.193400000000000460e-01
7.970000000000000000e+03 9.195400000000000240e-01
7.980000000000000000e+03 9.197199999999999820e-01
7.990000000000000000e+03 9.199100000000000055e-01
8.000000000000000000e+03 9.200800000000000090e-01
8.010000000000000000e+03 9.202299999999999924e-01
8.020000000000000000e+03 9.203799999999999759e-01
8.030000000000000000e+03 9.205200000000000049e-01
8.040000000000000000e+03 9.206499999999999684e-01
8.050000000000000000e+03 9.207699999999999774e-01
8.060000000000000000e+03 9.208899999999999864e-01
8.070000000000000000e+03 9.210000000000000409e-01
8.080000000000000000e+03 9.211000000000000298e-01
8.090000000000000000e+03 9.211899999999999533e-01
8.100000000000000000e+03 9.212700000000000333e-01
8.110000000000000000e+03 9.213400000000000478e-01
8.120000000000000000e+03 9.214099999999999513e-01
8.130000000000000000e+03 9.214700000000000113e-01
8.140000000000000000e+03 9.215200000000000058e-01
8.150000000000000000e+03 9.215600000000000458e-01
8.160000000000000000e+03 9.215900000000000203e-01
8.170000000000000000e+03 9.216100000000000403e-01
8.180000000000000000e+03 9.216100000000000403e-01
8.190000000000000000e+03 9.216100000000000403e-01
8.200000000000000000e+03 9.215900000000000203e-01
8.210000000000000000e+03 9.215799999999999548e-01
8.220000000000000000e+03 9.215499999999999803e-01
8.230000000000000000e+03 9.215100000000000513e-01
8.240000000000000000e+03 9.214499999999999913e-01
8.250000000000000000e+03 9.213900000000000423e-01
8.260000000000000000e+03 9.213099999999999623e-01
8.270000000000000000e+03 9.212099999999999733e-01
8.280000000000000000e+03 9.211000000000000298e-01
8.290000000000000000e+03 9.209800000000000209e-01
8.300000000000000000e+03 9.208399999999999919e-01
8.310000000000000000e+03 9.206999999999999629e-01
8.320000000000000000e+03 9.205400000000000249e-01
8.330000000000000000e+03 9.203700000000000214e-01
8.340000000000000000e+03 9.201799999999999979e-01
8.350000000000000000e+03 9.199699999999999545e-01
8.360000000000000000e+03 9.197400000000000020e-01
8.370000000000000000e+03 9.194999999999999840e-01
8.380000000000000000e+03 9.192399999999999460e-01
8.390000000000000000e+03 9.189500000000000446e-01
8.400000000000000000e+03 9.186499999999999666e-01
8.410000000000000000e+03 9.183499999999999996e-01
8.420000000000000000e+03 9.180300000000000127e-01
8.430000000000000000e+03 9.176900000000000057e-01
8.440000000000000000e+03 9.173200000000000243e-01
8.450000000000000000e+03 9.169399999999999773e-01
8.460000000000000000e+03 9.165299999999999558e-01
8.470000000000000000e+03 9.161000000000000254e-01
8.480000000000000000e+03 9.156400000000000095e-01
8.490000000000000000e+03 9.151599999999999735e-01
8.500000000000000000e+03 9.146499999999999631e-01
8.510000000000000000e+03 9.141500000000000181e-01
8.520000000000000000e+03 9.136199999999999877e-01
8.530000000000000000e+03 9.130599999999999827e-01
8.540000000000000000e+03 9.124799999999999578e-01
8.550000000000000000e+03 9.118600000000000039e-01
8.560000000000000000e+03 9.112200000000000299e-01
8.570000000000000000e+03 9.105499999999999705e-01
8.580000000000000000e+03 9.098500000000000476e-01
8.590000000000000000e+03 9.091099999999999737e-01
8.600000000000000000e+03 9.083499999999999908e-01
8.610000000000000000e+03 9.075900000000000079e-01
8.620000000000000000e+03 9.068000000000000504e-01
8.630000000000000000e+03 9.059700000000000530e-01
8.640000000000000000e+03 9.051200000000000356e-01
8.650000000000000000e+03 9.042200000000000237e-01
8.660000000000000000e+03 9.032900000000000373e-01
8.670000000000000000e+03 9.023200000000000109e-01
8.680000000000000000e+03 9.013099999999999445e-01
8.690000000000000000e+03 9.002599999999999492e-01
8.700000000000000000e+03 8.991700000000000248e-01
8.710000000000000000e+03 8.980900000000000549e-01
8.720000000000000000e+03 8.969700000000000450e-01
8.730000000000000000e+03 8.958099999999999952e-01
8.740000000000000000e+03 8.946100000000000163e-01
8.750000000000000000e+03 8.933600000000000430e-01
8.760000000000000000e+03 8.920700000000000296e-01
8.770000000000000000e+03 8.907300000000000217e-01
8.780000000000000000e+03 8.893400000000000194e-01
8.790000000000000000e+03 8.879000000000000226e-01
8.800000000000000000e+03 8.864100000000000312e-01
8.810000000000000000e+03 8.849399999999999489e-01
8.820000000000000000e+03 8.834300000000000486e-01
8.830000000000000000e+03 8.818599999999999772e-01
8.840000000000000000e+03 8.802400000000000224e-01
8.850000000000000000e+03 8.785600000000000076e-01
8.860000000000000000e+03 8.768299999999999983e-01
8.870000000000000000e+03 8.750400000000000400e-01
8.880000000000000000e+03 8.731999999999999762e-01
8.890000000000000000e+03 8.712900000000000089e-01
8.900000000000000000e+03 8.693100000000000271e-01
8.910000000000000000e+03 8.673699999999999743e-01
8.920000000000000000e+03 8.653699999999999726e-01
8.930000000000000000e+03 8.633100000000000218e-01
8.940000000000000000e+03 8.611900000000000110e-01
8.950000000000000000e+03 8.589999999999999858e-01
8.960000000000000000e+03 8.567399999999999460e-01
8.970000000000000000e+03 8.544100000000000028e-01
8.980000000000000000e+03 8.520199999999999996e-01
8.990000000000000000e+03 8.495500000000000274e-01
9.000000000000000000e+03 8.469999999999999751e-01
9.010000000000000000e+03 8.445300000000000029e-01
9.020000000000000000e+03 8.419799999999999507e-01
9.030000000000000000e+03 8.393599999999999950e-01
9.040000000000000000e+03 8.366599999999999593e-01
9.050000000000000000e+03 8.338900000000000201e-01
9.060000000000000000e+03 8.310400000000000009e-01
9.070000000000000000e+03 8.281199999999999672e-01
9.080000000000000000e+03 8.251100000000000101e-01
9.090000000000000000e+03 8.220100000000000184e-01
9.100000000000000000e+03 8.188299999999999468e-01
9.110000000000000000e+03 8.157400000000000206e-01
9.120000000000000000e+03 8.125599999999999490e-01
9.130000000000000000e+03 8.093099999999999739e-01
9.140000000000000000e+03 8.059600000000000097e-01
9.150000000000000000e+03 8.025400000000000311e-01
9.160000000000000000e+03 7.990199999999999525e-01
9.170000000000000000e+03 7.954200000000000159e-01
9.180000000000000000e+03 7.917199999999999793e-01
9.190000000000000000e+03 7.879300000000000193e-01
9.200000000000000000e+03 7.840500000000000247e-01
9.210000000000000000e+03 7.802799999999999736e-01
9.220000000000000000e+03 7.764199999999999990e-01
9.230000000000000000e+03 7.724699999999999900e-01
9.240000000000000000e+03 7.684400000000000119e-01
9.250000000000000000e+03 7.642999999999999794e-01
9.260000000000000000e+03 7.600799999999999779e-01
9.270000000000000000e+03 7.557500000000000329e-01
9.280000000000000000e+03 7.513300000000000534e-01
9.290000000000000000e+03 7.468000000000000194e-01
9.300000000000000000e+03 7.421699999999999964e-01
9.310000000000000000e+03 7.377000000000000224e-01
9.320000000000000000e+03 7.331400000000000139e-01
9.330000000000000000e+03 7.284800000000000164e-01
9.340000000000000000e+03 7.237200000000000299e-01
9.350000000000000000e+03 7.188700000000000090e-01
9.360000000000000000e+03 7.139100000000000446e-01
9.370000000000000000e+03 7.088600000000000456e-01
9.380000000000000000e+03 7.036999999999999922e-01
9.390000000000000000e+03 6.984399999999999498e-01
9.400000000000000000e+03 6.930699999999999639e-01
9.410000000000000000e+03 6.878999999999999559e-01
9.420000000000000000e+03 6.826499999999999790e-01
9.430000000000000000e+03 6.772899999999999476e-01
9.440000000000000000e+03 6.718399999999999928e-01
9.450000000000000000e+03 6.662799999999999834e-01
9.460000000000000000e+03 6.606300000000000505e-01
9.470000000000000000e+03 6.548800000000000177e-01
9.480000000000000000e+03 6.490200000000000413e-01
9.490000000000000000e+03 6.430599999999999650e-01
9.500000000000000000e+03 6.370000000000000107e-01
9.510000000000000000e+03 6.311999999999999833e-01
9.520000000000000000e+03 6.252999999999999670e-01
9.530000000000000000e+03 6.193100000000000271e-01
9.540000000000000000e+03 6.132300000000000528e-01
9.550000000000000000e+03 6.070499999999999785e-01
9.560000000000000000e+03 6.007799999999999807e-01
9.570000000000000000e+03 5.944099999999999939e-01
9.580000000000000000e+03 5.879499999999999726e-01
9.590000000000000000e+03 5.813899999999999624e-01
9.600000000000000000e+03 5.747400000000000286e-01
9.610000000000000000e+03 5.684000000000000163e-01
9.620000000000000000e+03 5.619699999999999696e-01
9.630000000000000000e+03 5.554599999999999538e-01
9.640000000000000000e+03 5.488699999999999690e-01
9.650000000000000000e+03 5.421899999999999498e-01
9.660000000000000000e+03 5.354299999999999615e-01
9.670000000000000000e+03 5.285800000000000498e-01
9.680000000000000000e+03 5.216499999999999471e-01
9.690000000000000000e+03 5.146399999999999864e-01
9.700000000000000000e+03 5.075399999999999912e-01
9.710000000000000000e+03 5.008200000000000429e-01
9.720000000000000000e+03 4.940200000000000147e-01
9.730000000000000000e+03 4.871599999999999819e-01
9.740000000000000000e+03 4.802199999999999802e-01
9.750000000000000000e+03 4.732100000000000195e-01
9.760000000000000000e+03 4.661399999999999988e-01
9.770000000000000000e+03 4.590000000000000191e-01
9.780000000000000000e+03 4.517900000000000249e-01
9.790000000000000000e+03 4.445200000000000262e-01
9.800000000000000000e+03 4.371800000000000130e-01
9.810000000000000000e+03 4.302599999999999758e-01
9.820000000000000000e+03 4.233000000000000096e-01
9.830000000000000000e+03 4.162699999999999734e-01
9.840000000000000000e+03 4.092000000000000082e-01
9.850000000000000000e+03 4.020799999999999930e-01
9.860000000000000000e+03 3.949099999999999833e-01
9.870000000000000000e+03 3.876999999999999891e-01
9.880000000000000000e+03 3.804400000000000004e-01
9.890000000000000000e+03 3.731400000000000272e-01
9.900000000000000000e+03 3.657900000000000040e-01
9.910000000000000000e+03 3.589200000000000168e-01
9.920000000000000000e+03 3.520099999999999896e-01
9.930000000000000000e+03 3.450799999999999979e-01
9.940000000000000000e+03 3.381199999999999761e-01
9.950000000000000000e+03 3.311299999999999799e-01
9.960000000000000000e+03 3.241100000000000092e-01
9.970000000000000000e+03 3.170700000000000185e-01
9.980000000000000000e+03 3.100200000000000178e-01
9.990000000000000000e+03 3.029399999999999871e-01
1.000000000000000000e+04 2.958500000000000019e-01
1.001000000000000000e+04 2.892600000000000171e-01
1.002000000000000000e+04 2.826500000000000123e-01
1.003000000000000000e+04 2.760500000000000176e-01
1.004000000000000000e+04 2.694300000000000028e-01
1.005000000000000000e+04 2.628199999999999981e-01
1.006000000000000000e+04 2.562099999999999933e-01
1.007000000000000000e+04 2.495999999999999885e-01
1.008000000000000000e+04 2.429999999999999938e-01
1.009000000000000000e+04 2.364100000000000090e-01
1.010000000000000000e+04 2.298300000000000065e-01
1.011000000000000000e+04 2.237599999999999867e-01
1.012000000000000000e+04 2.177099999999999869e-01
1.013000000000000000e+04 2.116800000000000070e-01
1.014000000000000000e+04 2.056800000000000017e-01
1.015000000000000000e+04 1.996999999999999886e-01
1.016000000000000000e+04 1.937399999999999956e-01
1.017000000000000000e+04 1.878199999999999870e-01
1.018000000000000000e+04 1.819300000000000084e-01
1.019000000000000000e+04 1.760799999999999865e-01
1.020000000000000000e+04 1.702599999999999947e-01
1.021000000000000000e+04 1.649599999999999955e-01
1.022000000000000000e+04 1.597000000000000086e-01
1.023000000000000000e+04 1.544899999999999884e-01
1.024000000000000000e+04 1.493200000000000083e-01
1.025000000000000000e+04 1.441999999999999948e-01
1.026000000000000000e+04 1.391300000000000037e-01
1.027000000000000000e+04 1.341199999999999892e-01
1.028000000000000000e+04 1.291700000000000070e-01
1.029000000000000000e+04 1.242800000000000016e-01
1.030000000000000000e+04 1.194500000000000006e-01
1.031000000000000000e+04 1.151200000000000001e-01
1.032000000000000000e+04 1.108500000000000041e-01
1.033000000000000000e+04 1.066499999999999948e-01
1.034000000000000000e+04 1.025100000000000039e-01
1.035000000000000000e+04 9.844999999999999585e-02
1.036000000000000000e+04 9.446000000000000230e-02
1.037000000000000000e+04 9.052000000000000324e-02
1.038000000000000000e+04 8.662000000000000255e-02
1.039000000000000000e+04 8.276999999999999635e-02
1.040000000000000000e+04 7.896999999999999853e-02
1.041000000000000000e+04 7.557999999999999441e-02
1.042000000000000000e+04 7.223999999999999866e-02
1.043000000000000000e+04 6.894999999999999740e-02
1.044000000000000000e+04 6.569999999999999452e-02
1.045000000000000000e+04 6.250999999999999612e-02
1.046000000000000000e+04 5.936000000000000304e-02
1.047000000000000000e+04 5.627000000000000057e-02
1.048000000000000000e+04 5.324000000000000260e-02
1.049000000000000000e+04 5.027000000000000218e-02
1.050000000000000000e+04 4.735999999999999932e-02
1.051000000000000000e+04 4.483000000000000179e-02
1.052000000000000000e+04 4.234999999999999876e-02
1.053000000000000000e+04 3.993000000000000022e-02
1.054000000000000000e+04 3.756999999999999923e-02
1.055000000000000000e+04 3.527000000000000274e-02
1.056000000000000000e+04 3.303999999999999992e-02
1.057000000000000000e+04 3.088000000000000120e-02
1.058000000000000000e+04 2.878999999999999962e-02
1.059000000000000000e+04 2.676999999999999866e-02
1.060000000000000000e+04 2.483000000000000138e-02
1.061000000000000000e+04 2.319999999999999840e-02
1.062000000000000000e+04 2.164999999999999911e-02
1.063000000000000000e+04 2.016000000000000084e-02
1.064000000000000000e+04 1.874999999999999931e-02
1.065000000000000000e+04 1.740999999999999839e-02
1.066000000000000000e+04 1.615000000000000116e-02
1.067000000000000000e+04 1.495999999999999934e-02
1.068000000000000000e+04 1.383999999999999987e-02
1.069000000000000000e+04 1.280000000000000061e-02
1.070000000000000000e+04 1.182000000000000065e-02
1.071000000000000000e+04 1.110000000000000049e-02
1.072000000000000000e+04 1.042000000000000044e-02
1.073000000000000000e+04 9.749999999999999986e-03
1.074000000000000000e+04 9.079999999999999530e-03
1.075000000000000000e+04 8.420000000000000401e-03
1.076000000000000000e+04 7.779999999999999589e-03
1.077000000000000000e+04 7.139999999999999646e-03
1.078000000000000000e+04 6.519999999999999754e-03
1.079000000000000000e+04 5.910000000000000323e-03
1.080000000000000000e+04 5.309999999999999616e-03
1.081000000000000000e+04 4.870000000000000197e-03
1.082000000000000000e+04 4.449999999999999963e-03
1.083000000000000000e+04 4.029999999999999728e-03
1.084000000000000000e+04 3.629999999999999980e-03
1.085000000000000000e+04 3.239999999999999825e-03
1.086000000000000000e+04 2.860000000000000129e-03
1.087000000000000000e+04 2.500000000000000052e-03
1.088000000000000000e+04 2.150000000000000001e-03
1.089000000000000000e+04 1.820000000000000003e-03
1.090000000000000000e+04 1.510000000000000057e-03
1.091000000000000000e+04 1.309999999999999967e-03
1.092000000000000000e+04 1.129999999999999928e-03
1.093000000000000000e+04 9.600000000000000243e-04
1.094000000000000000e+04 8.000000000000000383e-04
1.095000000000000000e+04 6.499999999999999702e-04
1.096000000000000000e+04 5.199999999999999544e-04
1.097000000000000000e+04 4.000000000000000192e-04
1.098000000000000000e+04 2.999999999999999737e-04
1.099000000000000000e+04 2.000000000000000096e-04
1.100000000000000000e+04 1.299999999999999886e-04
1.101000000000000000e+04 0.000000000000000000e+00
1.102000000000000000e+04 0.000000000000000000e+00
1.103000000000000000e+04 0.000000000000000000e+00
1.104000000000000000e+04 0.000000000000000000e+00
1.105000000000000000e+04 0.000000000000000000e+00
1.106000000000000000e+04 0.000000000000000000e+00
1.107000000000000000e+04 0.000000000000000000e+00
1.108000000000000000e+04 0.000000000000000000e+00
1.109000000000000000e+04 0.000000000000000000e+00
1.110000000000000000e+04 0.000000000000000000e+00
1.111000000000000000e+04 0.000000000000000000e+00
1.112000000000000000e+04 0.000000000000000000e+00
1.113000000000000000e+04 0.000000000000000000e+00
1.114000000000000000e+04 0.000000000000000000e+00
1.115000000000000000e+04 0.000000000000000000e+00
1.116000000000000000e+04 0.000000000000000000e+00
1.117000000000000000e+04 0.000000000000000000e+00
1.118000000000000000e+04 0.000000000000000000e+00
1.119000000000000000e+04 0.000000000000000000e+00
1.120000000000000000e+04 0.000000000000000000e+00
1.121000000000000000e+04 0.000000000000000000e+00
1.122000000000000000e+04 0.000000000000000000e+00
1.123000000000000000e+04 0.000000000000000000e+00
1.124000000000000000e+04 0.000000000000000000e+00
1.125000000000000000e+04 0.000000000000000000e+00
1.126000000000000000e+04 0.000000000000000000e+00
1.127000000000000000e+04 0.000000000000000000e+00
1.128000000000000000e+04 0.000000000000000000e+00
1.129000000000000000e+04 0.000000000000000000e+00
1.130000000000000000e+04 0.000000000000000000e+00
1.131000000000000000e+04 0.000000000000000000e+00
1.132000000000000000e+04 0.000000000000000000e+00
1.133000000000000000e+04 0.000000000000000000e+00
1.134000000000000000e+04 0.000000000000000000e+00
1.135000000000000000e+04 0.000000000000000000e+00
1.136000000000000000e+04 0.000000000000000000e+00
1.137000000000000000e+04 0.000000000000000000e+00
1.138000000000000000e+04 0.000000000000000000e+00
1.139000000000000000e+04 0.000000000000000000e+00
1.140000000000000000e+04 0.000000000000000000e+00
1.141000000000000000e+04 0.000000000000000000e+00
1.142000000000000000e+04 0.000000000000000000e+00
1.143000000000000000e+04 0.000000000000000000e+00
1.144000000000000000e+04 0.000000000000000000e+00
1.145000000000000000e+04 0.000000000000000000e+00
1.146000000000000000e+04 0.000000000000000000e+00
1.147000000000000000e+04 0.000000000000000000e+00
1.148000000000000000e+04 0.000000000000000000e+00
1.149000000000000000e+04 0.000000000000000000e+00
1.150000000000000000e+04 0.000000000000000000e+00
1.151000000000000000e+04 0.000000000000000000e+00
1.152000000000000000e+04 0.000000000000000000e+00
1.153000000000000000e+04 0.000000000000000000e+00
1.154000000000000000e+04 0.000000000000000000e+00
1.155000000000000000e+04 0.000000000000000000e+00
1.156000000000000000e+04 0.000000000000000000e+00
1.157000000000000000e+04 0.000000000000000000e+00
1.158000000000000000e+04 0.000000000000000000e+00
1.159000000000000000e+04 0.000000000000000000e+00
1.160000000000000000e+04 0.000000000000000000e+00
1.161000000000000000e+04 0.000000000000000000e+00
1.162000000000000000e+04 0.000000000000000000e+00
1.163000000000000000e+04 0.000000000000000000e+00
1.164000000000000000e+04 0.000000000000000000e+00
1.165000000000000000e+04 0.000000000000000000e+00
1.166000000000000000e+04 0.000000000000000000e+00
1.167000000000000000e+04 0.000000000000000000e+00
1.168000000000000000e+04 0.000000000000000000e+00
1.169000000000000000e+04 0.000000000000000000e+00
1.170000000000000000e+04 0.000000000000000000e+00
1.171000000000000000e+04 0.000000000000000000e+00
1.172000000000000000e+04 0.000000000000000000e+00
1.173000000000000000e+04 0.000000000000000000e+00
1.174000000000000000e+04 0.000000000000000000e+00
1.175000000000000000e+04 0.000000000000000000e+00
1.176000000000000000e+04 0.000000000000000000e+00
1.177000000000000000e+04 0.000000000000000000e+00
1.178000000000000000e+04 0.000000000000000000e+00
1.179000000000000000e+04 0.000000000000000000e+00
1.180000000000000000e+04 0.000000000000000000e+00
1.181000000000000000e+04 0.000000000000000000e+00
1.182000000000000000e+04 0.000000000000000000e+00
1.183000000000000000e+04 0.000000000000000000e+00
1.184000000000000000e+04 0.000000000000000000e+00
1.185000000000000000e+04 0.000000000000000000e+00
1.186000000000000000e+04 0.000000000000000000e+00
1.187000000000000000e+04 0.000000000000000000e+00
1.188000000000000000e+04 0.000000000000000000e+00
1.189000000000000000e+04 0.000000000000000000e+00
1.190000000000000000e+04 0.000000000000000000e+00
1.191000000000000000e+04 0.000000000000000000e+00
1.192000000000000000e+04 0.000000000000000000e+00
1.193000000000000000e+04 0.000000000000000000e+00
1.194000000000000000e+04 0.000000000000000000e+00
1.195000000000000000e+04 0.000000000000000000e+00
1.196000000000000000e+04 0.000000000000000000e+00
1.197000000000000000e+04 0.000000000000000000e+00
1.198000000000000000e+04 0.000000000000000000e+00
1.199000000000000000e+04 0.000000000000000000e+00
1.200000000000000000e+04 0.000000000000000000e+00
