3.000000000000000000e+03 0.000000000000000000e+00
3.010000000000000000e+03 0.000000000000000000e+00
3.020000000000000000e+03 0.000000000000000000e+00
3.030000000000000000e+03 0.000000000000000000e+00
3.040000000000000000e+03 0.000000000000000000e+00
3.050000000000000000e+03 0.000000000000000000e+00
3.060000000000000000e+03 0.000000000000000000e+00
3.070000000000000000e+03 0.000000000000000000e+00
3.080000000000000000e+03 0.000000000000000000e+00
3.090000000000000000e+03 0.000000000000000000e+00
3.100000000000000000e+03 0.000000000000000000e+00
3.110000000000000000e+03 0.000000000000000000e+00
3.120000000000000000e+03 0.000000000000000000e+00
3.130000000000000000e+03 0.000000000000000000e+00
3.140000000000000000e+03 0.000000000000000000e+00
3.150000000000000000e+03 0.000000000000000000e+00
3.160000000000000000e+03 0.000000000000000000e+00
3.170000000000000000e+03 0.000000000000000000e+00
3.180000000000000000e+03 0.000000000000000000e+00
3.190000000000000000e+03 0.000000000000000000e+00
3.200000000000000000e+03 0.000000000000000000e+00
3.210000000000000000e+03 0.000000000000000000e+00
3.220000000000000000e+03 0.000000000000000000e+00
3.230000000000000000e+03 0.000000000000000000e+00
3.240000000000000000e+03 0.000000000000000000e+00
3.250000000000000000e+03 0.000000000000000000e+00
3.260000000000000000e+03 0.000000000000000000e+00
3.270000000000000000e+03 0.000000000000000000e+00
3.280000000000000000e+03 0.000000000000000000e+00
3.290000000000000000e+03 0.000000000000000000e+00
3.300000000000000000e+03 0.000000000000000000e+00
3.310000000000000000e+03 0.000000000000000000e+00
3.320000000000000000e+03 0.000000000000000000e+00
3.330000000000000000e+03 0.000000000000000000e+00
3.340000000000000000e+03 0.000000000000000000e+00
3.350000000000000000e+03 0.000000000000000000e+00
3.360000000000000000e+03 0.000000000000000000e+00
3.370000000000000000e+03 0.000000000000000000e+00
3.380000000000000000e+03 0.000000000000000000e+00
3.390000000000000000e+03 0.000000000000000000e+00
3.400000000000000000e+03 0.000000000000000000e+00
3.410000000000000000e+03 0.000000000000000000e+00
3.420000000000000000e+03 0.000000000000000000e+00
3.430000000000000000e+03 0.000000000000000000e+00
3.440000000000000000e+03 0.000000000000000000e+00
3.450000000000000000e+03 0.000000000000000000e+00
3.460000000000000000e+03 0.000000000000000000e+00
3.470000000000000000e+03 0.000000000000000000e+00
3.480000000000000000e+03 0.000000000000000000e+00
3.490000000000000000e+03 0.000000000000000000e+00
3.500000000000000000e+03 0.000000000000000000e+00
3.510000000000000000e+03 0.000000000000000000e+00
3.520000000000000000e+03 0.000000000000000000e+00
3.530000000000000000e+03 0.000000000000000000e+00
3.540000000000000000e+03 0.000000000000000000e+00
3.550000000000000000e+03 0.000000000000000000e+00
3.560000000000000000e+03 0.000000000000000000e+00
3.570000000000000000e+03 0.000000000000000000e+00
3.580000000000000000e+03 0.000000000000000000e+00
3.590000000000000000e+03 0.000000000000000000e+00
3.600000000000000000e+03 0.000000000000000000e+00
3.610000000000000000e+03 0.000000000000000000e+00
3.620000000000000000e+03 0.000000000000000000e+00
3.630000000000000000e+03 0.000000000000000000e+00
3.640000000000000000e+03 0.000000000000000000e+00
3.650000000000000000e+03 0.000000000000000000e+00
3.660000000000000000e+03 0.000000000000000000e+00
3.670000000000000000e+03 0.000000000000000000e+00
3.680000000000000000e+03 0.000000000000000000e+00
3.690000000000000000e+03 0.000000000000000000e+00
3.700000000000000000e+03 0.000000000000000000e+00
3.710000000000000000e+03 0.000000000000000000e+00
3.720000000000000000e+03 0.000000000000000000e+00
3.730000000000000000e+03 0.000000000000000000e+00
3.740000000000000000e+03 0.000000000000000000e+00
3.750000000000000000e+03 0.000000000000000000e+00
3.760000000000000000e+03 0.000000000000000000e+00
3.770000000000000000e+03 0.000000000000000000e+00
3.780000000000000000e+03 0.000000000000000000e+00
3.790000000000000000e+03 0.000000000000000000e+00
3.800000000000000000e+03 0.000000000000000000e+00
3.810000000000000000e+03 0.000000000000000000e+00
3.820000000000000000e+03 0.000000000000000000e+00
3.830000000000000000e+03 0.000000000000000000e+00
3.840000000000000000e+03 0.000000000000000000e+00
3.850000000000000000e+03 1.999999999999999909e-06
3.860000000000000000e+03 3.000000000000000076e-06
3.870000000000000000e+03 3.999999999999999819e-06
3.880000000000000000e+03 2.099999999999999884e-05
3.890000000000000000e+03 3.860000000000000041e-04
3.900000000000000000e+03 2.631999999999999791e-03
3.910000000000000000e+03 5.000000000000000409e-06
3.920000000000000000e+03 3.000000000000000076e-06
3.930000000000000000e+03 3.000000000000000076e-06
3.940000000000000000e+03 3.000000000000000076e-06
3.950000000000000000e+03 6.999999999999999895e-06
3.960000000000000000e+03 1.730000000000000038e-04
3.970000000000000000e+03 8.799999999999999771e-05
3.980000000000000000e+03 6.000000000000000152e-06
3.990000000000000000e+03 3.000000000000000076e-06
4.000000000000000000e+03 3.000000000000000076e-06
4.010000000000000000e+03 1.999999999999999909e-06
4.020000000000000000e+03 3.000000000000000076e-06
4.030000000000000000e+03 3.999999999999999819e-06
4.040000000000000000e+03 1.999999999999999909e-06
4.050000000000000000e+03 3.000000000000000076e-06
4.060000000000000000e+03 3.000000000000000076e-06
4.070000000000000000e+03 3.999999999999999819e-06
4.080000000000000000e+03 6.000000000000000152e-06
4.090000000000000000e+03 1.099999999999999971e-05
4.100000000000000000e+03 3.499999999999999693e-05
4.110000000000000000e+03 4.409999999999999858e-04
4.120000000000000000e+03 9.899999999999999404e-05
4.130000000000000000e+03 1.440000000000000036e-04
4.140000000000000000e+03 2.999999999999999737e-04
4.150000000000000000e+03 7.299999999999999903e-05
4.160000000000000000e+03 1.099999999999999971e-05
4.170000000000000000e+03 8.989999999999999511e-04
4.180000000000000000e+03 3.100000000000000135e-05
4.190000000000000000e+03 4.699999999999999724e-05
4.200000000000000000e+03 2.300000000000000002e-05
4.210000000000000000e+03 5.399999999999999798e-05
4.220000000000000000e+03 1.080000000000000014e-03
4.230000000000000000e+03 6.799999999999999946e-05
4.240000000000000000e+03 6.999999999999999895e-06
4.250000000000000000e+03 5.000000000000000409e-06
4.260000000000000000e+03 7.999999999999999638e-06
4.270000000000000000e+03 2.050000000000000173e-03
4.280000000000000000e+03 3.999999999999999819e-06
4.290000000000000000e+03 1.999999999999999909e-06
4.300000000000000000e+03 3.000000000000000076e-06
4.310000000000000000e+03 9.999999999999999547e-07
4.320000000000000000e+03 9.999999999999999547e-07
4.330000000000000000e+03 9.999999999999999547e-07
4.340000000000000000e+03 9.999999999999999547e-07
4.350000000000000000e+03 3.000000000000000076e-06
4.360000000000000000e+03 4.500000000000000283e-05
4.370000000000000000e+03 9.299999999999999727e-05
4.380000000000000000e+03 9.999999999999999547e-07
4.390000000000000000e+03 0.000000000000000000e+00
4.400000000000000000e+03 0.000000000000000000e+00
4.410000000000000000e+03 9.999999999999999547e-07
4.420000000000000000e+03 9.999999999999999547e-07
4.430000000000000000e+03 9.999999999999999547e-07
4.440000000000000000e+03 9.999999999999999547e-07
4.450000000000000000e+03 7.999999999999999638e-06
4.460000000000000000e+03 2.599999999999999840e-05
4.470000000000000000e+03 3.000000000000000076e-06
4.480000000000000000e+03 9.999999999999999547e-07
4.490000000000000000e+03 1.099999999999999971e-05
4.500000000000000000e+03 0.000000000000000000e+00
4.510000000000000000e+03 0.000000000000000000e+00
4.520000000000000000e+03 0.000000000000000000e+00
4.530000000000000000e+03 9.999999999999999547e-07
4.540000000000000000e+03 3.999999999999999819e-06
4.550000000000000000e+03 5.099999999999999960e-05
4.560000000000000000e+03 2.265999999999999785e-03
4.570000000000000000e+03 9.999999999999999547e-07
4.580000000000000000e+03 9.999999999999999547e-07
4.590000000000000000e+03 1.999999999999999909e-06
4.600000000000000000e+03 1.999999999999999909e-06
4.610000000000000000e+03 9.999999999999999547e-07
4.620000000000000000e+03 1.999999999999999909e-06
4.630000000000000000e+03 3.999999999999999819e-06
4.640000000000000000e+03 1.800000000000000046e-05
4.650000000000000000e+03 1.240000000000000054e-04
4.660000000000000000e+03 5.190000000000000386e-04
4.670000000000000000e+03 5.399999999999999798e-05
4.680000000000000000e+03 1.699999999999999987e-05
4.690000000000000000e+03 1.500000000000000038e-05
4.700000000000000000e+03 5.700000000000000314e-05
4.710000000000000000e+03 6.399999999999999710e-05
4.720000000000000000e+03 5.399999999999999798e-05
4.730000000000000000e+03 5.899999999999999754e-05
4.740000000000000000e+03 4.000000000000000327e-05
4.750000000000000000e+03 3.399999999999999973e-05
4.760000000000000000e+03 1.859999999999999945e-04
4.770000000000000000e+03 1.090000000000000067e-04
4.780000000000000000e+03 1.399999999999999877e-04
4.790000000000000000e+03 5.199999999999999680e-05
4.800000000000000000e+03 3.199999999999999855e-05
4.810000000000000000e+03 2.500000000000000120e-05
4.820000000000000000e+03 2.900000000000000017e-05
4.830000000000000000e+03 4.199999999999999768e-05
4.840000000000000000e+03 6.799999999999999946e-05
4.850000000000000000e+03 1.150000000000000035e-04
4.860000000000000000e+03 1.890000000000000133e-04
4.870000000000000000e+03 4.800000000000000122e-05
4.880000000000000000e+03 1.900000000000000105e-05
4.890000000000000000e+03 2.300000000000000002e-05
4.900000000000000000e+03 4.800000000000000122e-05
4.910000000000000000e+03 7.899999999999999579e-05
4.920000000000000000e+03 9.100000000000000287e-05
4.930000000000000000e+03 6.899999999999999667e-05
4.940000000000000000e+03 1.200000000000000030e-04
4.950000000000000000e+03 8.700000000000000051e-05
4.960000000000000000e+03 1.029999999999999964e-04
4.970000000000000000e+03 3.020000000000000223e-04
4.980000000000000000e+03 2.310000000000000042e-04
4.990000000000000000e+03 1.259999999999999998e-04
5.000000000000000000e+03 1.279999999999999942e-04
5.010000000000000000e+03 3.400000000000000244e-04
5.020000000000000000e+03 3.020000000000000223e-04
5.030000000000000000e+03 1.659999999999999963e-04
5.040000000000000000e+03 5.779999999999999548e-04
5.050000000000000000e+03 5.339999999999999695e-04
5.060000000000000000e+03 3.029999999999999924e-04
5.070000000000000000e+03 8.200000000000000095e-05
5.080000000000000000e+03 6.299999999999999990e-05
5.090000000000000000e+03 9.100000000000000287e-05
5.100000000000000000e+03 9.500000000000000523e-05
5.110000000000000000e+03 2.400000000000000061e-05
5.120000000000000000e+03 1.000000000000000082e-05
5.130000000000000000e+03 6.999999999999999895e-06
5.140000000000000000e+03 6.000000000000000152e-06
5.150000000000000000e+03 6.999999999999999895e-06
5.160000000000000000e+03 7.999999999999999638e-06
5.170000000000000000e+03 1.000000000000000082e-05
5.180000000000000000e+03 1.399999999999999979e-05
5.190000000000000000e+03 1.900000000000000105e-05
5.200000000000000000e+03 1.399999999999999979e-05
5.210000000000000000e+03 1.200000000000000030e-05
5.220000000000000000e+03 1.500000000000000038e-05
5.230000000000000000e+03 3.100000000000000135e-05
5.240000000000000000e+03 7.799999999999999859e-05
5.250000000000000000e+03 8.600000000000000331e-05
5.260000000000000000e+03 6.899999999999999667e-05
5.270000000000000000e+03 8.299999999999999815e-05
5.280000000000000000e+03 1.489999999999999897e-04
5.290000000000000000e+03 2.840000000000000185e-04
5.300000000000000000e+03 2.889999999999999774e-04
5.310000000000000000e+03 1.559999999999999972e-04
5.320000000000000000e+03 6.999999999999999387e-05
5.330000000000000000e+03 4.800000000000000122e-05
5.340000000000000000e+03 7.299999999999999903e-05
5.350000000000000000e+03 8.000000000000000654e-05
5.360000000000000000e+03 8.000000000000000654e-05
5.370000000000000000e+03 9.799999999999999684e-05
5.380000000000000000e+03 1.579999999999999916e-04
5.390000000000000000e+03 2.930000000000000204e-04
5.400000000000000000e+03 4.889999999999999599e-04
5.410000000000000000e+03 3.519999999999999908e-04
5.420000000000000000e+03 2.030000000000000012e-04
5.430000000000000000e+03 1.060000000000000016e-04
5.440000000000000000e+03 4.600000000000000004e-05
5.450000000000000000e+03 2.900000000000000017e-05
5.460000000000000000e+03 2.599999999999999840e-05
5.470000000000000000e+03 3.000000000000000076e-05
5.480000000000000000e+03 4.199999999999999768e-05
5.490000000000000000e+03 5.700000000000000314e-05
5.500000000000000000e+03 8.299999999999999815e-05
5.510000000000000000e+03 1.689999999999999879e-04
5.520000000000000000e+03 1.969999999999999909e-04
5.530000000000000000e+03 1.090000000000000067e-04
5.540000000000000000e+03 5.500000000000000196e-05
5.550000000000000000e+03 4.300000000000000165e-05
5.560000000000000000e+03 5.300000000000000078e-05
5.570000000000000000e+03 2.900000000000000017e-05
5.580000000000000000e+03 2.099999999999999884e-05
5.590000000000000000e+03 2.300000000000000002e-05
5.600000000000000000e+03 3.399999999999999973e-05
5.610000000000000000e+03 7.100000000000000462e-05
5.620000000000000000e+03 1.769999999999999926e-04
5.630000000000000000e+03 2.530000000000000239e-04
5.640000000000000000e+03 1.399999999999999877e-04
5.650000000000000000e+03 7.799999999999999859e-05
5.660000000000000000e+03 3.100000000000000135e-05
5.670000000000000000e+03 1.900000000000000105e-05
5.680000000000000000e+03 1.699999999999999987e-05
5.690000000000000000e+03 1.800000000000000046e-05
5.700000000000000000e+03 1.900000000000000105e-05
5.710000000000000000e+03 2.199999999999999943e-05
5.720000000000000000e+03 2.900000000000000017e-05
5.730000000000000000e+03 4.199999999999999768e-05
5.740000000000000000e+03 4.300000000000000165e-05
5.750000000000000000e+03 4.199999999999999768e-05
5.760000000000000000e+03 4.800000000000000122e-05
5.770000000000000000e+03 4.600000000000000004e-05
5.780000000000000000e+03 4.300000000000000165e-05
5.790000000000000000e+03 4.500000000000000283e-05
5.800000000000000000e+03 5.700000000000000314e-05
5.810000000000000000e+03 7.899999999999999579e-05
5.820000000000000000e+03 1.039999999999999936e-04
5.830000000000000000e+03 1.219999999999999974e-04
5.840000000000000000e+03 1.320000000000000101e-04
5.850000000000000000e+03 1.269999999999999970e-04
5.860000000000000000e+03 9.600000000000000243e-05
5.870000000000000000e+03 6.200000000000000270e-05
5.880000000000000000e+03 4.199999999999999768e-05
5.890000000000000000e+03 3.399999999999999973e-05
5.900000000000000000e+03 3.300000000000000253e-05
5.910000000000000000e+03 4.000000000000000327e-05
5.920000000000000000e+03 6.000000000000000152e-05
5.930000000000000000e+03 1.069999999999999988e-04
5.940000000000000000e+03 1.679999999999999907e-04
5.950000000000000000e+03 1.559999999999999972e-04
5.960000000000000000e+03 1.299999999999999886e-04
5.970000000000000000e+03 1.350000000000000017e-04
5.980000000000000000e+03 1.949999999999999965e-04
5.990000000000000000e+03 1.779999999999999898e-04
6.000000000000000000e+03 8.500000000000000611e-05
6.010000000000000000e+03 4.600000000000000004e-05
6.020000000000000000e+03 3.199999999999999855e-05
6.030000000000000000e+03 2.799999999999999958e-05
6.040000000000000000e+03 3.199999999999999855e-05
6.050000000000000000e+03 4.899999999999999842e-05
6.060000000000000000e+03 1.100000000000000039e-04
6.070000000000000000e+03 1.550000000000000000e-04
6.080000000000000000e+03 2.220000000000000022e-04
6.090000000000000000e+03 1.330000000000000073e-04
6.100000000000000000e+03 5.599999999999999916e-05
6.110000000000000000e+03 3.000000000000000076e-05
6.120000000000000000e+03 2.000000000000000164e-05
6.130000000000000000e+03 1.699999999999999987e-05
6.140000000000000000e+03 1.599999999999999928e-05
6.150000000000000000e+03 1.699999999999999987e-05
6.160000000000000000e+03 1.599999999999999928e-05
6.170000000000000000e+03 1.299999999999999920e-05
6.180000000000000000e+03 9.000000000000000228e-06
6.190000000000000000e+03 6.999999999999999895e-06
6.200000000000000000e+03 6.999999999999999895e-06
6.210000000000000000e+03 6.999999999999999895e-06
6.220000000000000000e+03 7.999999999999999638e-06
6.230000000000000000e+03 1.000000000000000082e-05
6.240000000000000000e+03 1.500000000000000038e-05
6.250000000000000000e+03 2.300000000000000002e-05
6.260000000000000000e+03 4.100000000000000047e-05
6.270000000000000000e+03 7.700000000000000139e-05
6.280000000000000000e+03 1.450000000000000009e-04
6.290000000000000000e+03 2.530000000000000239e-04
6.300000000000000000e+03 3.989999999999999949e-04
6.310000000000000000e+03 5.770000000000000389e-04
6.320000000000000000e+03 8.469999999999999881e-04
6.330000000000000000e+03 1.126999999999999964e-03
6.340000000000000000e+03 5.720000000000000258e-04
6.350000000000000000e+03 1.830000000000000029e-04
6.360000000000000000e+03 7.700000000000000139e-05
6.370000000000000000e+03 4.699999999999999724e-05
6.380000000000000000e+03 4.699999999999999724e-05
6.390000000000000000e+03 1.310000000000000129e-04
6.400000000000000000e+03 7.700000000000000139e-05
6.410000000000000000e+03 5.000000000000000240e-05
6.420000000000000000e+03 5.599999999999999916e-05
6.430000000000000000e+03 7.100000000000000462e-05
6.440000000000000000e+03 9.200000000000000007e-05
6.450000000000000000e+03 1.289999999999999914e-04
6.460000000000000000e+03 2.159999999999999919e-04
6.470000000000000000e+03 4.510000000000000120e-04
6.480000000000000000e+03 3.159999999999999832e-04
6.490000000000000000e+03 2.339999999999999958e-04
6.500000000000000000e+03 2.460000000000000164e-04
6.510000000000000000e+03 1.369999999999999961e-04
6.520000000000000000e+03 1.350000000000000017e-04
6.530000000000000000e+03 1.379999999999999933e-04
6.540000000000000000e+03 1.359999999999999989e-04
6.550000000000000000e+03 1.190000000000000058e-04
6.560000000000000000e+03 8.700000000000000051e-05
6.570000000000000000e+03 5.899999999999999754e-05
6.580000000000000000e+03 4.500000000000000283e-05
6.590000000000000000e+03 4.399999999999999886e-05
6.600000000000000000e+03 5.899999999999999754e-05
6.610000000000000000e+03 8.600000000000000331e-05
6.620000000000000000e+03 1.169999999999999979e-04
6.630000000000000000e+03 1.430000000000000064e-04
6.640000000000000000e+03 1.530000000000000056e-04
6.650000000000000000e+03 1.450000000000000009e-04
6.660000000000000000e+03 1.279999999999999942e-04
6.670000000000000000e+03 1.039999999999999936e-04
6.680000000000000000e+03 7.799999999999999859e-05
6.690000000000000000e+03 5.300000000000000078e-05
6.700000000000000000e+03 3.300000000000000253e-05
6.710000000000000000e+03 2.000000000000000164e-05
6.720000000000000000e+03 1.299999999999999920e-05
6.730000000000000000e+03 9.000000000000000228e-06
6.740000000000000000e+03 7.999999999999999638e-06
6.750000000000000000e+03 6.999999999999999895e-06
6.760000000000000000e+03 6.000000000000000152e-06
6.770000000000000000e+03 6.000000000000000152e-06
6.780000000000000000e+03 6.999999999999999895e-06
6.790000000000000000e+03 9.000000000000000228e-06
6.800000000000000000e+03 1.000000000000000082e-05
6.810000000000000000e+03 1.599999999999999928e-05
6.820000000000000000e+03 2.699999999999999899e-05
6.830000000000000000e+03 4.899999999999999842e-05
6.840000000000000000e+03 6.700000000000000226e-05
6.850000000000000000e+03 5.700000000000000314e-05
6.860000000000000000e+03 3.300000000000000253e-05
6.870000000000000000e+03 1.900000000000000105e-05
6.880000000000000000e+03 1.099999999999999971e-05
6.890000000000000000e+03 7.999999999999999638e-06
6.900000000000000000e+03 7.999999999999999638e-06
6.910000000000000000e+03 7.999999999999999638e-06
6.920000000000000000e+03 1.000000000000000082e-05
6.930000000000000000e+03 1.200000000000000030e-05
6.940000000000000000e+03 1.599999999999999928e-05
6.950000000000000000e+03 1.900000000000000105e-05
6.960000000000000000e+03 2.000000000000000164e-05
6.970000000000000000e+03 1.900000000000000105e-05
6.980000000000000000e+03 1.599999999999999928e-05
6.990000000000000000e+03 1.299999999999999920e-05
7.000000000000000000e+03 1.000000000000000082e-05
7.010000000000000000e+03 6.999999999999999895e-06
7.020000000000000000e+03 6.000000000000000152e-06
7.030000000000000000e+03 1.000000000000000082e-05
7.040000000000000000e+03 7.999999999999999638e-06
7.050000000000000000e+03 3.999999999999999819e-06
7.060000000000000000e+03 3.999999999999999819e-06
7.070000000000000000e+03 3.999999999999999819e-06
7.080000000000000000e+03 6.999999999999999895e-06
7.090000000000000000e+03 1.399999999999999979e-05
7.100000000000000000e+03 3.899999999999999929e-05
7.110000000000000000e+03 4.100000000000000047e-05
7.120000000000000000e+03 1.800000000000000046e-05
7.130000000000000000e+03 1.099999999999999971e-05
7.140000000000000000e+03 6.999999999999999895e-06
7.150000000000000000e+03 6.000000000000000152e-06
7.160000000000000000e+03 5.000000000000000409e-06
7.170000000000000000e+03 5.000000000000000409e-06
7.180000000000000000e+03 9.000000000000000228e-06
7.190000000000000000e+03 1.099999999999999971e-05
7.200000000000000000e+03 9.000000000000000228e-06
7.210000000000000000e+03 1.599999999999999928e-05
7.220000000000000000e+03 1.099999999999999971e-05
7.230000000000000000e+03 3.999999999999999819e-06
7.240000000000000000e+03 1.999999999999999909e-06
7.250000000000000000e+03 1.999999999999999909e-06
7.260000000000000000e+03 9.999999999999999547e-07
7.270000000000000000e+03 9.999999999999999547e-07
7.280000000000000000e+03 9.999999999999999547e-07
7.290000000000000000e+03 9.999999999999999547e-07
7.300000000000000000e+03 9.999999999999999547e-07
7.310000000000000000e+03 9.999999999999999547e-07
7.320000000000000000e+03 9.999999999999999547e-07
7.330000000000000000e+03 0.000000000000000000e+00
7.340000000000000000e+03 0.000000000000000000e+00
7.350000000000000000e+03 0.000000000000000000e+00
7.360000000000000000e+03 0.000000000000000000e+00
7.370000000000000000e+03 0.000000000000000000e+00
7.380000000000000000e+03 0.000000000000000000e+00
7.390000000000000000e+03 0.000000000000000000e+00
7.400000000000000000e+03 0.000000000000000000e+00
7.410000000000000000e+03 0.000000000000000000e+00
7.420000000000000000e+03 0.000000000000000000e+00
7.430000000000000000e+03 0.000000000000000000e+00
7.440000000000000000e+03 0.000000000000000000e+00
7.450000000000000000e+03 9.999999999999999547e-07
7.460000000000000000e+03 9.999999999999999547e-07
7.470000000000000000e+03 9.999999999999999547e-07
7.480000000000000000e+03 9.999999999999999547e-07
7.490000000000000000e+03 9.999999999999999547e-07
7.500000000000000000e+03 9.999999999999999547e-07
7.510000000000000000e+03 9.999999999999999547e-07
7.520000000000000000e+03 9.999999999999999547e-07
7.530000000000000000e+03 9.999999999999999547e-07
7.540000000000000000e+03 9.999999999999999547e-07
7.550000000000000000e+03 9.999999999999999547e-07
7.560000000000000000e+03 9.999999999999999547e-07
7.570000000000000000e+03 9.999999999999999547e-07
7.580000000000000000e+03 9.999999999999999547e-07
7.590000000000000000e+03 1.999999999999999909e-06
7.600000000000000000e+03 3.000000000000000076e-06
7.610000000000000000e+03 5.000000000000000409e-06
7.620000000000000000e+03 1.000000000000000082e-05
7.630000000000000000e+03 2.599999999999999840e-05
7.640000000000000000e+03 6.600000000000000506e-05
7.650000000000000000e+03 8.299999999999999815e-05
7.660000000000000000e+03 5.800000000000000034e-05
7.670000000000000000e+03 4.100000000000000047e-05
7.680000000000000000e+03 3.300000000000000253e-05
7.690000000000000000e+03 2.699999999999999899e-05
7.700000000000000000e+03 2.199999999999999943e-05
7.710000000000000000e+03 1.800000000000000046e-05
7.720000000000000000e+03 1.500000000000000038e-05
7.730000000000000000e+03 1.399999999999999979e-05
7.740000000000000000e+03 1.399999999999999979e-05
7.750000000000000000e+03 1.599999999999999928e-05
7.760000000000000000e+03 2.400000000000000061e-05
7.770000000000000000e+03 2.599999999999999840e-05
7.780000000000000000e+03 1.900000000000000105e-05
7.790000000000000000e+03 1.599999999999999928e-05
7.800000000000000000e+03 2.099999999999999884e-05
7.810000000000000000e+03 3.300000000000000253e-05
7.820000000000000000e+03 4.800000000000000122e-05
7.830000000000000000e+03 5.300000000000000078e-05
7.840000000000000000e+03 5.199999999999999680e-05
7.850000000000000000e+03 5.199999999999999680e-05
7.860000000000000000e+03 5.300000000000000078e-05
7.870000000000000000e+03 5.500000000000000196e-05
7.880000000000000000e+03 5.500000000000000196e-05
7.890000000000000000e+03 5.000000000000000240e-05
7.900000000000000000e+03 4.600000000000000004e-05
7.910000000000000000e+03 4.899999999999999842e-05
7.920000000000000000e+03 6.000000000000000152e-05
7.930000000000000000e+03 7.799999999999999859e-05
7.940000000000000000e+03 9.500000000000000523e-05
7.950000000000000000e+03 9.100000000000000287e-05
7.960000000000000000e+03 7.299999999999999903e-05
7.970000000000000000e+03 5.599999999999999916e-05
7.980000000000000000e+03 4.600000000000000004e-05
7.990000000000000000e+03 4.199999999999999768e-05
8.000000000000000000e+03 4.399999999999999886e-05
8.010000000000000000e+03 5.099999999999999960e-05
8.020000000000000000e+03 5.800000000000000034e-05
8.030000000000000000e+03 5.500000000000000196e-05
8.040000000000000000e+03 4.899999999999999842e-05
8.050000000000000000e+03 4.600000000000000004e-05
8.060000000000000000e+03 4.699999999999999724e-05
8.070000000000000000e+03 5.000000000000000240e-05
8.080000000000000000e+03 5.599999999999999916e-05
8.090000000000000000e+03 6.499999999999999431e-05
8.100000000000000000e+03 8.000000000000000654e-05
8.110000000000000000e+03 9.899999999999999404e-05
8.120000000000000000e+03 1.079999999999999960e-04
8.130000000000000000e+03 1.050000000000000044e-04
8.140000000000000000e+03 1.019999999999999992e-04
8.150000000000000000e+03 9.299999999999999727e-05
8.160000000000000000e+03 7.700000000000000139e-05
8.170000000000000000e+03 6.499999999999999431e-05
8.180000000000000000e+03 5.899999999999999754e-05
8.190000000000000000e+03 5.700000000000000314e-05
8.200000000000000000e+03 5.800000000000000034e-05
8.210000000000000000e+03 6.299999999999999990e-05
8.220000000000000000e+03 6.899999999999999667e-05
8.230000000000000000e+03 7.799999999999999859e-05
8.240000000000000000e+03 8.799999999999999771e-05
8.250000000000000000e+03 9.799999999999999684e-05
8.260000000000000000e+03 1.069999999999999988e-04
8.270000000000000000e+03 1.150000000000000035e-04
8.280000000000000000e+03 1.230000000000000082e-04
8.290000000000000000e+03 1.320000000000000101e-04
8.300000000000000000e+03 1.430000000000000064e-04
8.310000000000000000e+03 1.569999999999999944e-04
8.320000000000000000e+03 1.769999999999999926e-04
8.330000000000000000e+03 2.049999999999999956e-04
8.340000000000000000e+03 2.369999999999999874e-04
8.350000000000000000e+03 2.680000000000000090e-04
8.360000000000000000e+03 2.860000000000000129e-04
8.370000000000000000e+03 2.860000000000000129e-04
8.380000000000000000e+03 2.730000000000000222e-04
8.390000000000000000e+03 2.599999999999999772e-04
8.400000000000000000e+03 2.559999999999999884e-04
8.410000000000000000e+03 2.640000000000000202e-04
8.420000000000000000e+03 2.739999999999999923e-04
8.430000000000000000e+03 2.750000000000000166e-04
8.440000000000000000e+03 2.640000000000000202e-04
8.450000000000000000e+03 2.550000000000000183e-04
8.460000000000000000e+03 2.519999999999999996e-04
8.470000000000000000e+03 2.590000000000000071e-04
8.480000000000000000e+03 2.779999999999999811e-04
8.490000000000000000e+03 3.080000000000000055e-04
8.500000000000000000e+03 3.539999999999999853e-04
8.510000000000000000e+03 4.150000000000000043e-04
8.520000000000000000e+03 4.910000000000000085e-04
8.530000000000000000e+03 5.699999999999999772e-04
8.540000000000000000e+03 6.340000000000000149e-04
8.550000000000000000e+03 6.719999999999999628e-04
8.560000000000000000e+03 6.780000000000000002e-04
8.570000000000000000e+03 6.589999999999999721e-04
8.580000000000000000e+03 6.279999999999999775e-04
8.590000000000000000e+03 5.990000000000000316e-04
8.600000000000000000e+03 5.779999999999999548e-04
8.610000000000000000e+03 5.670000000000000127e-04
8.620000000000000000e+03 5.680000000000000370e-04
8.630000000000000000e+03 5.850000000000000165e-04
8.640000000000000000e+03 6.229999999999999644e-04
8.650000000000000000e+03 6.870000000000000022e-04
8.660000000000000000e+03 7.820000000000000345e-04
8.670000000000000000e+03 9.190000000000000035e-04
8.680000000000000000e+03 1.111000000000000008e-03
8.690000000000000000e+03 1.374000000000000004e-03
8.700000000000000000e+03 1.719999999999999958e-03
8.710000000000000000e+03 2.158000000000000196e-03
8.720000000000000000e+03 2.668999999999999932e-03
8.730000000000000000e+03 3.204999999999999950e-03
8.740000000000000000e+03 3.701999999999999996e-03
8.750000000000000000e+03 4.111000000000000071e-03
8.760000000000000000e+03 4.435999999999999839e-03
8.770000000000000000e+03 4.720000000000000237e-03
8.780000000000000000e+03 5.009999999999999697e-03
8.790000000000000000e+03 5.342000000000000394e-03
8.800000000000000000e+03 5.735999999999999779e-03
8.810000000000000000e+03 6.210000000000000242e-03
8.820000000000000000e+03 6.787999999999999763e-03
8.830000000000000000e+03 7.496000000000000059e-03
8.840000000000000000e+03 8.356999999999999845e-03
8.850000000000000000e+03 9.384999999999999246e-03
8.860000000000000000e+03 1.058699999999999919e-02
8.870000000000000000e+03 1.196599999999999921e-02
8.880000000000000000e+03 1.352500000000000056e-02
8.890000000000000000e+03 1.527399999999999938e-02
8.900000000000000000e+03 1.722900000000000126e-02
8.910000000000000000e+03 1.940000000000000058e-02
8.920000000000000000e+03 2.179800000000000140e-02
8.930000000000000000e+03 2.444500000000000145e-02
8.940000000000000000e+03 2.740400000000000127e-02
8.950000000000000000e+03 3.078900000000000040e-02
8.960000000000000000e+03 3.475099999999999717e-02
8.970000000000000000e+03 3.945200000000000096e-02
8.980000000000000000e+03 4.502899999999999958e-02
8.990000000000000000e+03 5.156600000000000072e-02
9.000000000000000000e+03 5.908200000000000257e-02
9.010000000000000000e+03 6.754300000000000581e-02
9.020000000000000000e+03 7.694399999999999851e-02
9.030000000000000000e+03 8.733100000000000585e-02
9.040000000000000000e+03 9.884900000000000631e-02
9.050000000000000000e+03 1.117419999999999941e-01
9.060000000000000000e+03 1.263209999999999888e-01
9.070000000000000000e+03 1.429229999999999945e-01
9.080000000000000000e+03 1.618499999999999939e-01
9.090000000000000000e+03 1.832390000000000130e-01
9.100000000000000000e+03 2.068170000000000008e-01
9.110000000000000000e+03 2.316100000000000103e-01
9.120000000000000000e+03 2.558610000000000051e-01
9.130000000000000000e+03 2.774820000000000064e-01
9.140000000000000000e+03 2.950599999999999890e-01
9.150000000000000000e+03 3.087779999999999969e-01
9.160000000000000000e+03 3.205399999999999916e-01
9.170000000000000000e+03 3.332860000000000267e-01
9.180000000000000000e+03 3.501420000000000088e-01
9.190000000000000000e+03 3.737849999999999784e-01
9.200000000000000000e+03 4.058660000000000045e-01
9.210000000000000000e+03 4.460450000000000248e-01
9.220000000000000000e+03 4.907619999999999760e-01
9.230000000000000000e+03 5.334020000000000428e-01
9.240000000000000000e+03 5.676660000000000039e-01
9.250000000000000000e+03 5.918240000000000167e-01
9.260000000000000000e+03 6.090389999999999970e-01
9.270000000000000000e+03 6.242550000000000043e-01
9.280000000000000000e+03 6.416779999999999706e-01
9.290000000000000000e+03 6.640939999999999621e-01
9.300000000000000000e+03 6.929570000000000451e-01
9.310000000000000000e+03 7.283739999999999659e-01
9.320000000000000000e+03 7.689209999999999656e-01
9.330000000000000000e+03 8.117809999999999748e-01
9.340000000000000000e+03 8.535970000000000502e-01
9.350000000000000000e+03 8.915640000000000231e-01
9.360000000000000000e+03 9.235400000000000276e-01
9.370000000000000000e+03 9.474110000000000031e-01
9.380000000000000000e+03 9.615500000000000158e-01
9.390000000000000000e+03 9.664800000000000058e-01
9.400000000000000000e+03 9.652840000000000309e-01
9.410000000000000000e+03 9.619590000000000085e-01
9.420000000000000000e+03 9.595829999999999638e-01
9.430000000000000000e+03 9.596189999999999998e-01
9.440000000000000000e+03 9.621189999999999465e-01
9.450000000000000000e+03 9.662359999999999838e-01
9.460000000000000000e+03 9.707170000000000520e-01
9.470000000000000000e+03 9.743270000000000541e-01
9.480000000000000000e+03 9.761720000000000397e-01
9.490000000000000000e+03 9.758860000000000312e-01
9.500000000000000000e+03 9.736759999999999859e-01
9.510000000000000000e+03 9.702030000000000376e-01
9.520000000000000000e+03 9.663829999999999920e-01
9.530000000000000000e+03 9.631370000000000209e-01
9.540000000000000000e+03 9.611990000000000256e-01
9.550000000000000000e+03 9.609849999999999781e-01
9.560000000000000000e+03 9.625629999999999464e-01
9.570000000000000000e+03 9.656709999999999461e-01
9.580000000000000000e+03 9.697900000000000409e-01
9.590000000000000000e+03 9.742399999999999949e-01
9.600000000000000000e+03 9.782999999999999474e-01
9.610000000000000000e+03 9.813349999999999573e-01
9.620000000000000000e+03 9.829109999999999792e-01
9.630000000000000000e+03 9.828639999999999599e-01
9.640000000000000000e+03 9.813229999999999453e-01
9.650000000000000000e+03 9.786559999999999704e-01
9.660000000000000000e+03 9.753849999999999465e-01
9.670000000000000000e+03 9.720670000000000144e-01
9.680000000000000000e+03 9.692039999999999544e-01
9.690000000000000000e+03 9.671629999999999949e-01
9.700000000000000000e+03 9.661509999999999820e-01
9.710000000000000000e+03 9.662039999999999518e-01
9.720000000000000000e+03 9.672049999999999814e-01
9.730000000000000000e+03 9.689240000000000075e-01
9.740000000000000000e+03 9.710579999999999767e-01
9.750000000000000000e+03 9.732899999999999885e-01
9.760000000000000000e+03 9.753340000000000343e-01
9.770000000000000000e+03 9.769860000000000211e-01
9.780000000000000000e+03 9.781480000000000175e-01
9.790000000000000000e+03 9.788369999999999571e-01
9.800000000000000000e+03 9.791640000000000343e-01
9.810000000000000000e+03 9.793039999999999523e-01
9.820000000000000000e+03 9.794509999999999605e-01
9.830000000000000000e+03 9.797690000000000010e-01
9.840000000000000000e+03 9.803650000000000420e-01
9.850000000000000000e+03 9.812640000000000251e-01
9.860000000000000000e+03 9.824089999999999767e-01
9.870000000000000000e+03 9.836740000000000483e-01
9.880000000000000000e+03 9.848869999999999569e-01
9.890000000000000000e+03 9.858620000000000161e-01
9.900000000000000000e+03 9.864330000000000043e-01
9.910000000000000000e+03 9.864810000000000523e-01
9.920000000000000000e+03 9.859609999999999763e-01
9.930000000000000000e+03 9.849040000000000017e-01
9.940000000000000000e+03 9.834209999999999896e-01
9.950000000000000000e+03 9.816820000000000546e-01
9.960000000000000000e+03 9.798900000000000388e-01
9.970000000000000000e+03 9.782560000000000144e-01
9.980000000000000000e+03 9.769640000000000546e-01
9.990000000000000000e+03 9.761539999999999662e-01
1.000000000000000000e+04 9.759010000000000185e-01
1.001000000000000000e+04 9.762039999999999607e-01
1.002000000000000000e+04 9.770069999999999588e-01
1.003000000000000000e+04 9.781969999999999832e-01
1.004000000000000000e+04 9.796270000000000255e-01
1.005000000000000000e+04 9.811280000000000001e-01
1.006000000000000000e+04 9.825380000000000225e-01
1.007000000000000000e+04 9.837179999999999813e-01
1.008000000000000000e+04 9.845690000000000275e-01
1.009000000000000000e+04 9.850499999999999812e-01
1.010000000000000000e+04 9.851739999999999942e-01
1.011000000000000000e+04 9.850029999999999619e-01
1.012000000000000000e+04 9.846420000000000172e-01
1.013000000000000000e+04 9.842140000000000333e-01
1.014000000000000000e+04 9.838430000000000231e-01
1.015000000000000000e+04 9.836329999999999796e-01
1.016000000000000000e+04 9.836559999999999748e-01
1.017000000000000000e+04 9.839379999999999793e-01
1.018000000000000000e+04 9.844600000000000017e-01
1.019000000000000000e+04 9.851609999999999534e-01
1.020000000000000000e+04 9.859459999999999891e-01
1.021000000000000000e+04 9.867040000000000255e-01
1.022000000000000000e+04 9.873199999999999754e-01
1.023000000000000000e+04 9.876920000000000144e-01
1.024000000000000000e+04 9.877510000000000456e-01
1.025000000000000000e+04 9.874619999999999509e-01
1.026000000000000000e+04 9.868369999999999642e-01
1.027000000000000000e+04 9.859290000000000553e-01
1.028000000000000000e+04 9.848289999999999544e-01
1.029000000000000000e+04 9.836489999999999956e-01
1.030000000000000000e+04 9.825129999999999697e-01
1.031000000000000000e+04 9.815369999999999928e-01
1.032000000000000000e+04 9.808210000000000539e-01
1.033000000000000000e+04 9.804319999999999702e-01
1.034000000000000000e+04 9.804030000000000244e-01
1.035000000000000000e+04 9.807270000000000154e-01
1.036000000000000000e+04 9.813629999999999853e-01
1.037000000000000000e+04 9.822349999999999692e-01
1.038000000000000000e+04 9.832459999999999534e-01
1.039000000000000000e+04 9.842880000000000518e-01
1.040000000000000000e+04 9.852509999999999879e-01
1.041000000000000000e+04 9.860400000000000276e-01
1.042000000000000000e+04 9.865810000000000413e-01
1.043000000000000000e+04 9.868299999999999850e-01
1.044000000000000000e+04 9.867789999999999617e-01
1.045000000000000000e+04 9.864530000000000243e-01
1.046000000000000000e+04 9.859029999999999738e-01
1.047000000000000000e+04 9.851999999999999647e-01
1.048000000000000000e+04 9.844230000000000480e-01
1.049000000000000000e+04 9.836430000000000451e-01
1.050000000000000000e+04 9.829189999999999872e-01
1.051000000000000000e+04 9.822880000000000500e-01
1.052000000000000000e+04 9.817559999999999620e-01
1.053000000000000000e+04 9.813049999999999828e-01
1.054000000000000000e+04 9.808919999999999861e-01
1.055000000000000000e+04 9.804540000000000477e-01
1.056000000000000000e+04 9.799229999999999885e-01
1.057000000000000000e+04 9.792300000000000448e-01
1.058000000000000000e+04 9.783169999999999922e-01
1.059000000000000000e+04 9.771490000000000453e-01
1.060000000000000000e+04 9.757160000000000277e-01
1.061000000000000000e+04 9.740440000000000209e-01
1.062000000000000000e+04 9.721910000000000274e-01
1.063000000000000000e+04 9.702410000000000201e-01
1.064000000000000000e+04 9.683049999999999713e-01
1.065000000000000000e+04 9.665019999999999722e-01
1.066000000000000000e+04 9.649529999999999497e-01
1.067000000000000000e+04 9.637649999999999828e-01
1.068000000000000000e+04 9.630210000000000159e-01
1.069000000000000000e+04 9.627729999999999899e-01
1.070000000000000000e+04 9.630300000000000527e-01
1.071000000000000000e+04 9.637630000000000363e-01
1.072000000000000000e+04 9.649020000000000374e-01
1.073000000000000000e+04 9.663420000000000343e-01
1.074000000000000000e+04 9.679550000000000098e-01
1.075000000000000000e+04 9.695960000000000134e-01
1.076000000000000000e+04 9.711199999999999832e-01
1.077000000000000000e+04 9.723920000000000341e-01
1.078000000000000000e+04 9.733000000000000540e-01
1.079000000000000000e+04 9.737679999999999669e-01
1.080000000000000000e+04 9.737590000000000412e-01
1.081000000000000000e+04 9.732859999999999845e-01
1.082000000000000000e+04 9.724040000000000461e-01
1.083000000000000000e+04 9.712150000000000505e-01
1.084000000000000000e+04 9.698539999999999939e-01
1.085000000000000000e+04 9.684819999999999540e-01
1.086000000000000000e+04 9.672680000000000167e-01
1.087000000000000000e+04 9.663749999999999840e-01
1.088000000000000000e+04 9.659450000000000536e-01
1.089000000000000000e+04 9.660849999999999715e-01
1.090000000000000000e+04 9.668539999999999912e-01
1.091000000000000000e+04 9.682619999999999560e-01
1.092000000000000000e+04 9.702570000000000361e-01
1.093000000000000000e+04 9.727369999999999628e-01
1.094000000000000000e+04 9.755500000000000282e-01
1.095000000000000000e+04 9.785030000000000117e-01
1.096000000000000000e+04 9.813819999999999766e-01
1.097000000000000000e+04 9.839620000000000033e-01
1.098000000000000000e+04 9.860290000000000443e-01
1.099000000000000000e+04 9.873939999999999939e-01
1.100000000000000000e+04 9.879139999999999588e-01
1.101000000000000000e+04 9.875009999999999621e-01
1.102000000000000000e+04 9.861299999999999510e-01
1.103000000000000000e+04 9.838479999999999448e-01
1.104000000000000000e+04 9.807639999999999691e-01
1.105000000000000000e+04 9.770480000000000276e-01
1.106000000000000000e+04 9.729139999999999455e-01
1.107000000000000000e+04 9.686010000000000453e-01
1.108000000000000000e+04 9.643620000000000525e-01
1.109000000000000000e+04 9.604359999999999564e-01
1.110000000000000000e+04 9.570389999999999731e-01
1.111000000000000000e+04 9.543420000000000236e-01
1.112000000000000000e+04 9.524690000000000101e-01
1.113000000000000000e+04 9.514799999999999924e-01
1.114000000000000000e+04 9.513800000000000034e-01
1.115000000000000000e+04 9.521129999999999871e-01
1.116000000000000000e+04 9.535740000000000327e-01
1.117000000000000000e+04 9.556090000000000417e-01
1.118000000000000000e+04 9.580379999999999452e-01
1.119000000000000000e+04 9.606609999999999872e-01
1.120000000000000000e+04 9.632760000000000211e-01
1.121000000000000000e+04 9.656940000000000524e-01
1.122000000000000000e+04 9.677510000000000279e-01
1.123000000000000000e+04 9.693180000000000129e-01
1.124000000000000000e+04 9.703119999999999523e-01
1.125000000000000000e+04 9.706960000000000033e-01
1.126000000000000000e+04 9.704779999999999518e-01
1.127000000000000000e+04 9.697099999999999609e-01
1.128000000000000000e+04 9.684749999999999748e-01
1.129000000000000000e+04 9.668860000000000232e-01
1.130000000000000000e+04 9.650729999999999587e-01
1.131000000000000000e+04 9.631739999999999746e-01
1.132000000000000000e+04 9.613270000000000426e-01
1.133000000000000000e+04 9.596630000000000438e-01
1.134000000000000000e+04 9.582969999999999544e-01
1.135000000000000000e+04 9.573199999999999488e-01
1.136000000000000000e+04 9.567989999999999551e-01
1.137000000000000000e+04 9.567710000000000381e-01
1.138000000000000000e+04 9.572389999999999510e-01
1.139000000000000000e+04 9.581739999999999702e-01
1.140000000000000000e+04 9.595200000000000395e-01
1.141000000000000000e+04 9.611939999999999928e-01
1.142000000000000000e+04 9.630929999999999769e-01
1.143000000000000000e+04 9.651030000000000442e-01
1.144000000000000000e+04 9.671039999999999637e-01
1.145000000000000000e+04 9.689820000000000100e-01
1.146000000000000000e+04 9.706369999999999720e-01
1.147000000000000000e+04 9.719860000000000166e-01
1.148000000000000000e+04 9.729780000000000095e-01
1.149000000000000000e+04 9.735880000000000090e-01
1.150000000000000000e+04 9.738250000000000517e-01
1.151000000000000000e+04 9.737249999999999517e-01
1.152000000000000000e+04 9.733530000000000237e-01
1.153000000000000000e+04 9.727879999999999860e-01
1.154000000000000000e+04 9.721210000000000129e-01
1.155000000000000000e+04 9.714439999999999742e-01
1.156000000000000000e+04 9.708440000000000403e-01
1.157000000000000000e+04 9.703929999999999501e-01
1.158000000000000000e+04 9.701440000000000063e-01
1.159000000000000000e+04 9.701220000000000399e-01
1.160000000000000000e+04 9.703319999999999723e-01
1.161000000000000000e+04 9.707500000000000018e-01
1.162000000000000000e+04 9.713300000000000267e-01
1.163000000000000000e+04 9.720050000000000079e-01
1.164000000000000000e+04 9.726960000000000051e-01
1.165000000000000000e+04 9.733159999999999590e-01
1.166000000000000000e+04 9.737749999999999462e-01
1.167000000000000000e+04 9.739929999999999977e-01
1.168000000000000000e+04 9.738989999999999592e-01
1.169000000000000000e+04 9.734420000000000295e-01
1.170000000000000000e+04 9.725949999999999873e-01
1.171000000000000000e+04 9.713570000000000260e-01
1.172000000000000000e+04 9.697559999999999514e-01
1.173000000000000000e+04 9.678459999999999841e-01
1.174000000000000000e+04 9.657109999999999861e-01
1.175000000000000000e+04 9.634519999999999751e-01
1.176000000000000000e+04 9.611889999999999601e-01
1.177000000000000000e+04 9.590509999999999868e-01
1.178000000000000000e+04 9.571650000000000436e-01
1.179000000000000000e+04 9.556529999999999747e-01
1.180000000000000000e+04 9.546189999999999953e-01
1.181000000000000000e+04 9.541450000000000209e-01
1.182000000000000000e+04 9.542850000000000499e-01
1.183000000000000000e+04 9.550549999999999873e-01
1.184000000000000000e+04 9.564420000000000144e-01
1.185000000000000000e+04 9.583960000000000257e-01
1.186000000000000000e+04 9.608309999999999906e-01
1.187000000000000000e+04 9.636360000000000481e-01
1.188000000000000000e+04 9.666749999999999510e-01
1.189000000000000000e+04 9.697959999999999914e-01
1.190000000000000000e+04 9.728419999999999845e-01
1.191000000000000000e+04 9.756569999999999965e-01
1.192000000000000000e+04 9.780950000000000477e-01
1.193000000000000000e+04 9.800320000000000142e-01
1.194000000000000000e+04 9.813680000000000181e-01
1.195000000000000000e+04 9.820360000000000200e-01
1.196000000000000000e+04 9.820020000000000415e-01
1.197000000000000000e+04 9.812699999999999756e-01
1.198000000000000000e+04 9.798769999999999980e-01
1.199000000000000000e+04 9.778919999999999835e-01
1.200000000000000000e+04 9.754099999999999993e-01
