3.000000000000000000e+03 1.000000000000000082e-05
3.010000000000000000e+03 2.000000000000000164e-05
3.020000000000000000e+03 1.100000000000000039e-04
3.030000000000000000e+03 6.999999999999999387e-05
3.040000000000000000e+03 1.000000000000000048e-04
3.050000000000000000e+03 2.100000000000000087e-04
3.060000000000000000e+03 5.000000000000000240e-05
3.070000000000000000e+03 1.000000000000000082e-05
3.080000000000000000e+03 6.400000000000000524e-04
3.090000000000000000e+03 2.000000000000000164e-05
3.100000000000000000e+03 3.000000000000000076e-05
3.110000000000000000e+03 2.000000000000000164e-05
3.120000000000000000e+03 4.000000000000000327e-05
3.130000000000000000e+03 1.700000000000000122e-04
3.140000000000000000e+03 5.000000000000000240e-05
3.150000000000000000e+03 1.000000000000000082e-05
3.160000000000000000e+03 0.000000000000000000e+00
3.170000000000000000e+03 1.000000000000000082e-05
3.180000000000000000e+03 1.499999999999999869e-04
3.190000000000000000e+03 0.000000000000000000e+00
3.200000000000000000e+03 0.000000000000000000e+00
3.210000000000000000e+03 0.000000000000000000e+00
3.220000000000000000e+03 0.000000000000000000e+00
3.230000000000000000e+03 0.000000000000000000e+00
3.240000000000000000e+03 0.000000000000000000e+00
3.250000000000000000e+03 0.000000000000000000e+00
3.260000000000000000e+03 0.000000000000000000e+00
3.270000000000000000e+03 3.000000000000000076e-05
3.280000000000000000e+03 6.999999999999999387e-05
3.290000000000000000e+03 0.000000000000000000e+00
3.300000000000000000e+03 0.000000000000000000e+00
3.310000000000000000e+03 0.000000000000000000e+00
3.320000000000000000e+03 0.000000000000000000e+00
3.330000000000000000e+03 0.000000000000000000e+00
3.340000000000000000e+03 0.000000000000000000e+00
3.350000000000000000e+03 0.000000000000000000e+00
3.360000000000000000e+03 1.000000000000000082e-05
3.370000000000000000e+03 2.000000000000000164e-05
3.380000000000000000e+03 0.000000000000000000e+00
3.390000000000000000e+03 0.000000000000000000e+00
3.400000000000000000e+03 1.000000000000000082e-05
3.410000000000000000e+03 0.000000000000000000e+00
3.420000000000000000e+03 0.000000000000000000e+00
3.430000000000000000e+03 0.000000000000000000e+00
3.440000000000000000e+03 0.000000000000000000e+00
3.450000000000000000e+03 0.000000000000000000e+00
3.460000000000000000e+03 4.000000000000000327e-05
3.470000000000000000e+03 1.600000000000000131e-04
3.480000000000000000e+03 0.000000000000000000e+00
3.490000000000000000e+03 0.000000000000000000e+00
3.500000000000000000e+03 0.000000000000000000e+00
3.510000000000000000e+03 0.000000000000000000e+00
3.520000000000000000e+03 0.000000000000000000e+00
3.530000000000000000e+03 0.000000000000000000e+00
3.540000000000000000e+03 0.000000000000000000e+00
3.550000000000000000e+03 1.000000000000000082e-05
3.560000000000000000e+03 9.000000000000000567e-05
3.570000000000000000e+03 4.000000000000000327e-05
3.580000000000000000e+03 4.000000000000000327e-05
3.590000000000000000e+03 1.000000000000000082e-05
3.600000000000000000e+03 1.000000000000000082e-05
3.610000000000000000e+03 0.000000000000000000e+00
3.620000000000000000e+03 0.000000000000000000e+00
3.630000000000000000e+03 0.000000000000000000e+00
3.640000000000000000e+03 0.000000000000000000e+00
3.650000000000000000e+03 0.000000000000000000e+00
3.660000000000000000e+03 0.000000000000000000e+00
3.670000000000000000e+03 0.000000000000000000e+00
3.680000000000000000e+03 0.000000000000000000e+00
3.690000000000000000e+03 0.000000000000000000e+00
3.700000000000000000e+03 0.000000000000000000e+00
3.710000000000000000e+03 0.000000000000000000e+00
3.720000000000000000e+03 0.000000000000000000e+00
3.730000000000000000e+03 0.000000000000000000e+00
3.740000000000000000e+03 0.000000000000000000e+00
3.750000000000000000e+03 0.000000000000000000e+00
3.760000000000000000e+03 0.000000000000000000e+00
3.770000000000000000e+03 0.000000000000000000e+00
3.780000000000000000e+03 0.000000000000000000e+00
3.790000000000000000e+03 0.000000000000000000e+00
3.800000000000000000e+03 0.000000000000000000e+00
3.810000000000000000e+03 0.000000000000000000e+00
3.820000000000000000e+03 0.000000000000000000e+00
3.830000000000000000e+03 0.000000000000000000e+00
3.840000000000000000e+03 0.000000000000000000e+00
3.850000000000000000e+03 1.437000000000000083e-02
3.860000000000000000e+03 2.132999999999999827e-02
3.870000000000000000e+03 3.542000000000000010e-02
3.880000000000000000e+03 6.819999999999999674e-02
3.890000000000000000e+03 9.174000000000000210e-02
3.900000000000000000e+03 9.045000000000000262e-02
3.910000000000000000e+03 1.055600000000000011e-01
3.920000000000000000e+03 1.446399999999999908e-01
3.930000000000000000e+03 1.880199999999999927e-01
3.940000000000000000e+03 2.288699999999999901e-01
3.950000000000000000e+03 2.820699999999999874e-01
3.960000000000000000e+03 3.220700000000000229e-01
3.970000000000000000e+03 3.292599999999999971e-01
3.980000000000000000e+03 3.731499999999999817e-01
3.990000000000000000e+03 4.522900000000000253e-01
4.000000000000000000e+03 5.206800000000000317e-01
4.010000000000000000e+03 5.777499999999999858e-01
4.020000000000000000e+03 6.191600000000000437e-01
4.030000000000000000e+03 6.255899999999999794e-01
4.040000000000000000e+03 6.497600000000000042e-01
4.050000000000000000e+03 7.130800000000000471e-01
4.060000000000000000e+03 7.723799999999999555e-01
4.070000000000000000e+03 8.105999999999999872e-01
4.080000000000000000e+03 8.521800000000000486e-01
4.090000000000000000e+03 8.859700000000000353e-01
4.100000000000000000e+03 8.981700000000000239e-01
4.110000000000000000e+03 9.206499999999999684e-01
4.120000000000000000e+03 9.615700000000000358e-01
4.130000000000000000e+03 9.873399999999999954e-01
4.140000000000000000e+03 9.884800000000000253e-01
4.150000000000000000e+03 9.854199999999999626e-01
4.160000000000000000e+03 9.839499999999999913e-01
4.170000000000000000e+03 9.819799999999999640e-01
4.180000000000000000e+03 9.826700000000000434e-01
4.190000000000000000e+03 9.873800000000000354e-01
4.200000000000000000e+03 9.928700000000000303e-01
4.210000000000000000e+03 9.940799999999999637e-01
4.220000000000000000e+03 9.889900000000000357e-01
4.230000000000000000e+03 9.834199999999999608e-01
4.240000000000000000e+03 9.832699999999999774e-01
4.250000000000000000e+03 9.856700000000000461e-01
4.260000000000000000e+03 9.867899999999999450e-01
4.270000000000000000e+03 9.893300000000000427e-01
4.280000000000000000e+03 9.933400000000000007e-01
4.290000000000000000e+03 9.928799999999999848e-01
4.300000000000000000e+03 9.882699999999999818e-01
4.310000000000000000e+03 9.865099999999999980e-01
4.320000000000000000e+03 9.875699999999999479e-01
4.330000000000000000e+03 9.858400000000000496e-01
4.340000000000000000e+03 9.829200000000000159e-01
4.350000000000000000e+03 9.840299999999999603e-01
4.360000000000000000e+03 9.865000000000000435e-01
4.370000000000000000e+03 9.851499999999999702e-01
4.380000000000000000e+03 9.830299999999999594e-01
4.390000000000000000e+03 9.848900000000000432e-01
4.400000000000000000e+03 9.874100000000000099e-01
4.410000000000000000e+03 9.861199999999999966e-01
4.420000000000000000e+03 9.844000000000000528e-01
4.430000000000000000e+03 9.860400000000000276e-01
4.440000000000000000e+03 9.871900000000000119e-01
4.450000000000000000e+03 9.840100000000000513e-01
4.460000000000000000e+03 9.810699999999999976e-01
4.470000000000000000e+03 9.837500000000000133e-01
4.480000000000000000e+03 9.890700000000000047e-01
4.490000000000000000e+03 9.910499999999999865e-01
4.500000000000000000e+03 9.905000000000000471e-01
4.510000000000000000e+03 9.919900000000000384e-01
4.520000000000000000e+03 9.949900000000000411e-01
4.530000000000000000e+03 9.951200000000000045e-01
4.540000000000000000e+03 9.920799999999999619e-01
4.550000000000000000e+03 9.899499999999999966e-01
4.560000000000000000e+03 9.904899999999999816e-01
4.570000000000000000e+03 9.912699999999999845e-01
4.580000000000000000e+03 9.903800000000000381e-01
4.590000000000000000e+03 9.889900000000000357e-01
4.600000000000000000e+03 9.884600000000000053e-01
4.610000000000000000e+03 9.882600000000000273e-01
4.620000000000000000e+03 9.874600000000000044e-01
4.630000000000000000e+03 9.865800000000000125e-01
4.640000000000000000e+03 9.867500000000000160e-01
4.650000000000000000e+03 9.883499999999999508e-01
4.660000000000000000e+03 9.908799999999999830e-01
4.670000000000000000e+03 9.929900000000000393e-01
4.680000000000000000e+03 9.930700000000000083e-01
4.690000000000000000e+03 9.907799999999999940e-01
4.700000000000000000e+03 9.880299999999999638e-01
4.710000000000000000e+03 9.871699999999999919e-01
4.720000000000000000e+03 9.879599999999999493e-01
4.730000000000000000e+03 9.879599999999999493e-01
4.740000000000000000e+03 9.858500000000000041e-01
4.750000000000000000e+03 9.834199999999999608e-01
4.760000000000000000e+03 9.828099999999999614e-01
4.770000000000000000e+03 9.832899999999999974e-01
4.780000000000000000e+03 9.827799999999999869e-01
4.790000000000000000e+03 9.812899999999999956e-01
4.800000000000000000e+03 9.811600000000000321e-01
4.810000000000000000e+03 9.834300000000000264e-01
4.820000000000000000e+03 9.856700000000000461e-01
4.830000000000000000e+03 9.849099999999999522e-01
4.840000000000000000e+03 9.815000000000000391e-01
4.850000000000000000e+03 9.788999999999999924e-01
4.860000000000000000e+03 9.794399999999999773e-01
4.870000000000000000e+03 9.818099999999999605e-01
4.880000000000000000e+03 9.834100000000000064e-01
4.890000000000000000e+03 9.837000000000000188e-01
4.900000000000000000e+03 9.843199999999999728e-01
4.910000000000000000e+03 9.861900000000000110e-01
4.920000000000000000e+03 9.878000000000000114e-01
4.930000000000000000e+03 9.876099999999999879e-01
4.940000000000000000e+03 9.863800000000000345e-01
4.950000000000000000e+03 9.862699999999999800e-01
4.960000000000000000e+03 9.882199999999999873e-01
4.970000000000000000e+03 9.907000000000000250e-01
4.980000000000000000e+03 9.916399999999999659e-01
4.990000000000000000e+03 9.907399999999999540e-01
5.000000000000000000e+03 9.893499999999999517e-01
5.010000000000000000e+03 9.886599999999999833e-01
5.020000000000000000e+03 9.886099999999999888e-01
5.030000000000000000e+03 9.886399999999999633e-01
5.040000000000000000e+03 9.888799999999999812e-01
5.050000000000000000e+03 9.898500000000000076e-01
5.060000000000000000e+03 9.914500000000000535e-01
5.070000000000000000e+03 9.927599999999999758e-01
5.080000000000000000e+03 9.928900000000000503e-01
5.090000000000000000e+03 9.917300000000000004e-01
5.100000000000000000e+03 9.898599999999999621e-01
5.110000000000000000e+03 9.877700000000000369e-01
5.120000000000000000e+03 9.856700000000000461e-01
5.130000000000000000e+03 9.838000000000000078e-01
5.140000000000000000e+03 9.825500000000000345e-01
5.150000000000000000e+03 9.820600000000000440e-01
5.160000000000000000e+03 9.820600000000000440e-01
5.170000000000000000e+03 9.821199999999999930e-01
5.180000000000000000e+03 9.822300000000000475e-01
5.190000000000000000e+03 9.826000000000000290e-01
5.200000000000000000e+03 9.827700000000000324e-01
5.210000000000000000e+03 9.811999999999999611e-01
5.220000000000000000e+03 9.765099999999999891e-01
5.230000000000000000e+03 9.694800000000000084e-01
5.240000000000000000e+03 9.634200000000000541e-01
5.250000000000000000e+03 9.617400000000000393e-01
5.260000000000000000e+03 9.652600000000000069e-01
5.270000000000000000e+03 9.714899999999999647e-01
5.280000000000000000e+03 9.766399999999999526e-01
5.290000000000000000e+03 9.788900000000000379e-01
5.300000000000000000e+03 9.795800000000000063e-01
5.310000000000000000e+03 9.810200000000000031e-01
5.320000000000000000e+03 9.837799999999999878e-01
5.330000000000000000e+03 9.863899999999999890e-01
5.340000000000000000e+03 9.869400000000000395e-01
5.350000000000000000e+03 9.849200000000000177e-01
5.360000000000000000e+03 9.808099999999999596e-01
5.370000000000000000e+03 9.733000000000000540e-01
5.380000000000000000e+03 9.584700000000000442e-01
5.390000000000000000e+03 9.333399999999999475e-01
5.400000000000000000e+03 9.001400000000000512e-01
5.410000000000000000e+03 8.652699999999999836e-01
5.420000000000000000e+03 8.331899999999999862e-01
5.430000000000000000e+03 8.033099999999999685e-01
5.440000000000000000e+03 7.744299999999999518e-01
5.450000000000000000e+03 7.489799999999999791e-01
5.460000000000000000e+03 7.261699999999999822e-01
5.470000000000000000e+03 6.945799999999999752e-01
5.480000000000000000e+03 6.420099999999999696e-01
5.490000000000000000e+03 5.713899999999999535e-01
5.500000000000000000e+03 4.979000000000000092e-01
5.510000000000000000e+03 4.352900000000000102e-01
5.520000000000000000e+03 3.885899999999999910e-01
5.530000000000000000e+03 3.548299999999999788e-01
5.540000000000000000e+03 3.237099999999999977e-01
5.550000000000000000e+03 2.817999999999999949e-01
5.560000000000000000e+03 2.228199999999999903e-01
5.570000000000000000e+03 1.554200000000000026e-01
5.580000000000000000e+03 9.685000000000000553e-02
5.590000000000000000e+03 5.655000000000000304e-02
5.600000000000000000e+03 3.248999999999999805e-02
5.610000000000000000e+03 1.893999999999999850e-02
5.620000000000000000e+03 1.136999999999999990e-02
5.630000000000000000e+03 7.069999999999999896e-03
5.640000000000000000e+03 4.559999999999999817e-03
5.650000000000000000e+03 3.040000000000000167e-03
5.660000000000000000e+03 2.099999999999999870e-03
5.670000000000000000e+03 1.490000000000000005e-03
5.680000000000000000e+03 1.080000000000000014e-03
5.690000000000000000e+03 8.000000000000000383e-04
5.700000000000000000e+03 6.099999999999999737e-04
5.710000000000000000e+03 4.699999999999999859e-04
5.720000000000000000e+03 3.699999999999999947e-04
5.730000000000000000e+03 2.999999999999999737e-04
5.740000000000000000e+03 2.400000000000000061e-04
5.750000000000000000e+03 2.000000000000000096e-04
5.760000000000000000e+03 1.600000000000000131e-04
5.770000000000000000e+03 1.299999999999999886e-04
5.780000000000000000e+03 1.100000000000000039e-04
5.790000000000000000e+03 9.000000000000000567e-05
5.800000000000000000e+03 8.000000000000000654e-05
5.810000000000000000e+03 6.999999999999999387e-05
5.820000000000000000e+03 6.000000000000000152e-05
5.830000000000000000e+03 5.000000000000000240e-05
5.840000000000000000e+03 4.000000000000000327e-05
5.850000000000000000e+03 4.000000000000000327e-05
5.860000000000000000e+03 3.000000000000000076e-05
5.870000000000000000e+03 3.000000000000000076e-05
5.880000000000000000e+03 2.000000000000000164e-05
5.890000000000000000e+03 2.000000000000000164e-05
5.900000000000000000e+03 2.000000000000000164e-05
5.910000000000000000e+03 1.000000000000000082e-05
5.920000000000000000e+03 1.000000000000000082e-05
5.930000000000000000e+03 1.000000000000000082e-05
5.940000000000000000e+03 1.000000000000000082e-05
5.950000000000000000e+03 1.000000000000000082e-05
5.960000000000000000e+03 1.000000000000000082e-05
5.970000000000000000e+03 1.000000000000000082e-05
5.980000000000000000e+03 1.000000000000000082e-05
5.990000000000000000e+03 0.000000000000000000e+00
6.000000000000000000e+03 0.000000000000000000e+00
6.010000000000000000e+03 0.000000000000000000e+00
6.020000000000000000e+03 0.000000000000000000e+00
6.030000000000000000e+03 0.000000000000000000e+00
6.040000000000000000e+03 0.000000000000000000e+00
6.050000000000000000e+03 0.000000000000000000e+00
6.060000000000000000e+03 0.000000000000000000e+00
6.070000000000000000e+03 0.000000000000000000e+00
6.080000000000000000e+03 0.000000000000000000e+00
6.090000000000000000e+03 0.000000000000000000e+00
6.100000000000000000e+03 0.000000000000000000e+00
6.110000000000000000e+03 0.000000000000000000e+00
6.120000000000000000e+03 0.000000000000000000e+00
6.130000000000000000e+03 0.000000000000000000e+00
6.140000000000000000e+03 0.000000000000000000e+00
6.150000000000000000e+03 0.000000000000000000e+00
6.160000000000000000e+03 0.000000000000000000e+00
6.170000000000000000e+03 0.000000000000000000e+00
6.180000000000000000e+03 0.000000000000000000e+00
6.190000000000000000e+03 0.000000000000000000e+00
6.200000000000000000e+03 0.000000000000000000e+00
6.210000000000000000e+03 0.000000000000000000e+00
6.220000000000000000e+03 0.000000000000000000e+00
6.230000000000000000e+03 0.000000000000000000e+00
6.240000000000000000e+03 0.000000000000000000e+00
6.250000000000000000e+03 0.000000000000000000e+00
6.260000000000000000e+03 0.000000000000000000e+00
6.270000000000000000e+03 0.000000000000000000e+00
6.280000000000000000e+03 0.000000000000000000e+00
6.290000000000000000e+03 0.000000000000000000e+00
6.300000000000000000e+03 0.000000000000000000e+00
6.310000000000000000e+03 0.000000000000000000e+00
6.320000000000000000e+03 0.000000000000000000e+00
6.330000000000000000e+03 0.000000000000000000e+00
6.340000000000000000e+03 0.000000000000000000e+00
6.350000000000000000e+03 0.000000000000000000e+00
6.360000000000000000e+03 0.000000000000000000e+00
6.370000000000000000e+03 0.000000000000000000e+00
6.380000000000000000e+03 0.000000000000000000e+00
6.390000000000000000e+03 1.000000000000000082e-05
6.400000000000000000e+03 1.000000000000000082e-05
6.410000000000000000e+03 1.000000000000000082e-05
6.420000000000000000e+03 1.000000000000000082e-05
6.430000000000000000e+03 1.000000000000000082e-05
6.440000000000000000e+03 1.000000000000000082e-05
6.450000000000000000e+03 1.000000000000000082e-05
6.460000000000000000e+03 1.000000000000000082e-05
6.470000000000000000e+03 1.000000000000000082e-05
6.480000000000000000e+03 1.000000000000000082e-05
6.490000000000000000e+03 1.000000000000000082e-05
6.500000000000000000e+03 1.000000000000000082e-05
6.510000000000000000e+03 1.000000000000000082e-05
6.520000000000000000e+03 1.000000000000000082e-05
6.530000000000000000e+03 1.000000000000000082e-05
6.540000000000000000e+03 2.000000000000000164e-05
6.550000000000000000e+03 2.000000000000000164e-05
6.560000000000000000e+03 2.000000000000000164e-05
6.570000000000000000e+03 2.000000000000000164e-05
6.580000000000000000e+03 3.000000000000000076e-05
6.590000000000000000e+03 3.000000000000000076e-05
6.600000000000000000e+03 3.000000000000000076e-05
6.610000000000000000e+03 4.000000000000000327e-05
6.620000000000000000e+03 4.000000000000000327e-05
6.630000000000000000e+03 5.000000000000000240e-05
6.640000000000000000e+03 6.000000000000000152e-05
6.650000000000000000e+03 6.999999999999999387e-05
6.660000000000000000e+03 6.999999999999999387e-05
6.670000000000000000e+03 8.000000000000000654e-05
6.680000000000000000e+03 8.000000000000000654e-05
6.690000000000000000e+03 8.000000000000000654e-05
6.700000000000000000e+03 8.000000000000000654e-05
6.710000000000000000e+03 8.000000000000000654e-05
6.720000000000000000e+03 9.000000000000000567e-05
6.730000000000000000e+03 1.000000000000000082e-05
6.740000000000000000e+03 1.000000000000000082e-05
6.750000000000000000e+03 1.000000000000000082e-05
6.760000000000000000e+03 2.000000000000000164e-05
6.770000000000000000e+03 3.000000000000000076e-05
6.780000000000000000e+03 4.000000000000000327e-05
6.790000000000000000e+03 5.000000000000000104e-04
6.800000000000000000e+03 4.400000000000000157e-04
6.810000000000000000e+03 3.099999999999999999e-04
6.820000000000000000e+03 2.000000000000000096e-04
6.830000000000000000e+03 1.299999999999999886e-04
6.840000000000000000e+03 1.000000000000000048e-04
6.850000000000000000e+03 8.000000000000000654e-05
6.860000000000000000e+03 8.000000000000000654e-05
6.870000000000000000e+03 1.000000000000000048e-04
6.880000000000000000e+03 1.399999999999999877e-04
6.890000000000000000e+03 2.100000000000000087e-04
6.900000000000000000e+03 3.000000000000000076e-05
6.910000000000000000e+03 3.000000000000000076e-05
6.920000000000000000e+03 2.000000000000000096e-04
6.930000000000000000e+03 2.000000000000000164e-05
6.940000000000000000e+03 9.000000000000000567e-05
6.950000000000000000e+03 5.000000000000000240e-05
6.960000000000000000e+03 3.000000000000000076e-05
6.970000000000000000e+03 2.000000000000000164e-05
6.980000000000000000e+03 1.000000000000000082e-05
6.990000000000000000e+03 1.000000000000000082e-05
7.000000000000000000e+03 1.000000000000000082e-05
7.010000000000000000e+03 0.000000000000000000e+00
7.020000000000000000e+03 0.000000000000000000e+00
7.030000000000000000e+03 0.000000000000000000e+00
7.040000000000000000e+03 0.000000000000000000e+00
7.050000000000000000e+03 0.000000000000000000e+00
7.060000000000000000e+03 0.000000000000000000e+00
7.070000000000000000e+03 0.000000000000000000e+00
7.080000000000000000e+03 0.000000000000000000e+00
7.090000000000000000e+03 0.000000000000000000e+00
7.100000000000000000e+03 0.000000000000000000e+00
7.110000000000000000e+03 0.000000000000000000e+00
7.120000000000000000e+03 0.000000000000000000e+00
7.130000000000000000e+03 0.000000000000000000e+00
7.140000000000000000e+03 0.000000000000000000e+00
7.150000000000000000e+03 0.000000000000000000e+00
7.160000000000000000e+03 0.000000000000000000e+00
7.170000000000000000e+03 0.000000000000000000e+00
7.180000000000000000e+03 0.000000000000000000e+00
7.190000000000000000e+03 0.000000000000000000e+00
7.200000000000000000e+03 0.000000000000000000e+00
7.210000000000000000e+03 1.000000000000000082e-05
7.220000000000000000e+03 1.000000000000000082e-05
7.230000000000000000e+03 1.000000000000000082e-05
7.240000000000000000e+03 2.000000000000000164e-05
7.250000000000000000e+03 6.999999999999999387e-05
7.260000000000000000e+03 8.000000000000000654e-05
7.270000000000000000e+03 1.299999999999999886e-04
7.280000000000000000e+03 3.299999999999999982e-04
7.290000000000000000e+03 5.000000000000000240e-05
7.300000000000000000e+03 2.000000000000000164e-05
7.310000000000000000e+03 1.000000000000000082e-05
7.320000000000000000e+03 1.000000000000000082e-05
7.330000000000000000e+03 1.000000000000000082e-05
7.340000000000000000e+03 1.000000000000000082e-05
7.350000000000000000e+03 1.000000000000000082e-05
7.360000000000000000e+03 1.000000000000000082e-05
7.370000000000000000e+03 1.000000000000000082e-05
7.380000000000000000e+03 3.000000000000000076e-05
7.390000000000000000e+03 8.000000000000000654e-05
7.400000000000000000e+03 2.400000000000000061e-04
7.410000000000000000e+03 1.399999999999999877e-04
7.420000000000000000e+03 3.000000000000000076e-05
7.430000000000000000e+03 1.000000000000000082e-05
7.440000000000000000e+03 1.000000000000000082e-05
7.450000000000000000e+03 1.000000000000000082e-05
7.460000000000000000e+03 1.000000000000000082e-05
7.470000000000000000e+03 0.000000000000000000e+00
7.480000000000000000e+03 0.000000000000000000e+00
7.490000000000000000e+03 0.000000000000000000e+00
7.500000000000000000e+03 0.000000000000000000e+00
7.510000000000000000e+03 0.000000000000000000e+00
7.520000000000000000e+03 0.000000000000000000e+00
7.530000000000000000e+03 0.000000000000000000e+00
7.540000000000000000e+03 0.000000000000000000e+00
7.550000000000000000e+03 1.000000000000000082e-05
7.560000000000000000e+03 1.000000000000000082e-05
7.570000000000000000e+03 1.000000000000000082e-05
7.580000000000000000e+03 1.000000000000000082e-05
7.590000000000000000e+03 1.000000000000000082e-05
7.600000000000000000e+03 2.000000000000000164e-05
7.610000000000000000e+03 4.000000000000000327e-05
7.620000000000000000e+03 5.000000000000000240e-05
7.630000000000000000e+03 4.000000000000000327e-05
7.640000000000000000e+03 3.000000000000000076e-05
7.650000000000000000e+03 3.000000000000000076e-05
7.660000000000000000e+03 2.000000000000000164e-05
7.670000000000000000e+03 2.000000000000000164e-05
7.680000000000000000e+03 2.000000000000000164e-05
7.690000000000000000e+03 2.000000000000000164e-05
7.700000000000000000e+03 3.000000000000000076e-05
7.710000000000000000e+03 5.000000000000000240e-05
7.720000000000000000e+03 9.000000000000000567e-05
7.730000000000000000e+03 6.000000000000000152e-05
7.740000000000000000e+03 3.000000000000000076e-05
7.750000000000000000e+03 2.000000000000000164e-05
7.760000000000000000e+03 1.000000000000000082e-05
7.770000000000000000e+03 1.000000000000000082e-05
7.780000000000000000e+03 1.000000000000000082e-05
7.790000000000000000e+03 1.000000000000000082e-05
7.800000000000000000e+03 1.000000000000000082e-05
7.810000000000000000e+03 1.000000000000000082e-05
7.820000000000000000e+03 2.000000000000000164e-05
7.830000000000000000e+03 2.000000000000000164e-05
7.840000000000000000e+03 2.000000000000000164e-05
7.850000000000000000e+03 2.000000000000000164e-05
7.860000000000000000e+03 2.000000000000000164e-05
7.870000000000000000e+03 1.000000000000000082e-05
7.880000000000000000e+03 1.000000000000000082e-05
7.890000000000000000e+03 1.000000000000000082e-05
7.900000000000000000e+03 1.000000000000000082e-05
7.910000000000000000e+03 1.000000000000000082e-05
7.920000000000000000e+03 1.000000000000000082e-05
7.930000000000000000e+03 0.000000000000000000e+00
7.940000000000000000e+03 0.000000000000000000e+00
7.950000000000000000e+03 0.000000000000000000e+00
7.960000000000000000e+03 1.000000000000000082e-05
7.970000000000000000e+03 1.000000000000000082e-05
7.980000000000000000e+03 4.000000000000000327e-05
7.990000000000000000e+03 4.000000000000000327e-05
8.000000000000000000e+03 2.000000000000000164e-05
8.010000000000000000e+03 1.000000000000000082e-05
8.020000000000000000e+03 1.000000000000000082e-05
8.030000000000000000e+03 1.000000000000000082e-05
8.040000000000000000e+03 0.000000000000000000e+00
8.050000000000000000e+03 1.000000000000000082e-05
8.060000000000000000e+03 1.000000000000000082e-05
8.070000000000000000e+03 1.000000000000000082e-05
8.080000000000000000e+03 1.000000000000000082e-05
8.090000000000000000e+03 2.000000000000000164e-05
8.100000000000000000e+03 1.000000000000000082e-05
8.110000000000000000e+03 0.000000000000000000e+00
8.120000000000000000e+03 0.000000000000000000e+00
8.130000000000000000e+03 0.000000000000000000e+00
8.140000000000000000e+03 0.000000000000000000e+00
8.150000000000000000e+03 0.000000000000000000e+00
8.160000000000000000e+03 0.000000000000000000e+00
8.170000000000000000e+03 0.000000000000000000e+00
8.180000000000000000e+03 0.000000000000000000e+00
8.190000000000000000e+03 0.000000000000000000e+00
8.200000000000000000e+03 0.000000000000000000e+00
8.210000000000000000e+03 0.000000000000000000e+00
8.220000000000000000e+03 0.000000000000000000e+00
8.230000000000000000e+03 0.000000000000000000e+00
8.240000000000000000e+03 0.000000000000000000e+00
8.250000000000000000e+03 0.000000000000000000e+00
8.260000000000000000e+03 0.000000000000000000e+00
8.270000000000000000e+03 0.000000000000000000e+00
8.280000000000000000e+03 0.000000000000000000e+00
8.290000000000000000e+03 0.000000000000000000e+00
8.300000000000000000e+03 0.000000000000000000e+00
8.310000000000000000e+03 0.000000000000000000e+00
8.320000000000000000e+03 0.000000000000000000e+00
8.330000000000000000e+03 0.000000000000000000e+00
8.340000000000000000e+03 0.000000000000000000e+00
8.350000000000000000e+03 0.000000000000000000e+00
8.360000000000000000e+03 0.000000000000000000e+00
8.370000000000000000e+03 0.000000000000000000e+00
8.380000000000000000e+03 0.000000000000000000e+00
8.390000000000000000e+03 0.000000000000000000e+00
8.400000000000000000e+03 0.000000000000000000e+00
8.410000000000000000e+03 0.000000000000000000e+00
8.420000000000000000e+03 0.000000000000000000e+00
8.430000000000000000e+03 0.000000000000000000e+00
8.440000000000000000e+03 0.000000000000000000e+00
8.450000000000000000e+03 0.000000000000000000e+00
8.460000000000000000e+03 1.000000000000000082e-05
8.470000000000000000e+03 1.000000000000000082e-05
8.480000000000000000e+03 1.000000000000000082e-05
8.490000000000000000e+03 1.000000000000000082e-05
8.500000000000000000e+03 1.000000000000000082e-05
8.510000000000000000e+03 1.000000000000000082e-05
8.520000000000000000e+03 1.000000000000000082e-05
8.530000000000000000e+03 1.000000000000000082e-05
8.540000000000000000e+03 2.000000000000000164e-05
8.550000000000000000e+03 2.000000000000000164e-05
8.560000000000000000e+03 2.000000000000000164e-05
8.570000000000000000e+03 2.000000000000000164e-05
8.580000000000000000e+03 2.000000000000000164e-05
8.590000000000000000e+03 1.000000000000000082e-05
8.600000000000000000e+03 2.000000000000000164e-05
8.610000000000000000e+03 2.000000000000000164e-05
8.620000000000000000e+03 3.000000000000000076e-05
8.630000000000000000e+03 4.000000000000000327e-05
8.640000000000000000e+03 3.000000000000000076e-05
8.650000000000000000e+03 3.000000000000000076e-05
8.660000000000000000e+03 3.000000000000000076e-05
8.670000000000000000e+03 1.900000000000000105e-04
8.680000000000000000e+03 2.900000000000000017e-04
8.690000000000000000e+03 1.800000000000000113e-04
8.700000000000000000e+03 1.399999999999999877e-04
8.710000000000000000e+03 1.700000000000000122e-04
8.720000000000000000e+03 2.599999999999999772e-04
8.730000000000000000e+03 3.200000000000000262e-04
8.740000000000000000e+03 1.900000000000000105e-04
8.750000000000000000e+03 1.000000000000000048e-04
8.760000000000000000e+03 6.000000000000000152e-05
8.770000000000000000e+03 5.000000000000000240e-05
8.780000000000000000e+03 4.000000000000000327e-05
8.790000000000000000e+03 5.000000000000000240e-05
8.800000000000000000e+03 5.000000000000000240e-05
8.810000000000000000e+03 6.999999999999999387e-05
8.820000000000000000e+03 9.000000000000000567e-05
8.830000000000000000e+03 1.299999999999999886e-04
8.840000000000000000e+03 2.300000000000000070e-04
8.850000000000000000e+03 4.400000000000000157e-04
8.860000000000000000e+03 4.800000000000000122e-04
8.870000000000000000e+03 4.299999999999999894e-04
8.880000000000000000e+03 2.999999999999999737e-04
8.890000000000000000e+03 1.399999999999999877e-04
8.900000000000000000e+03 6.999999999999999387e-05
8.910000000000000000e+03 4.000000000000000327e-05
8.920000000000000000e+03 3.000000000000000076e-05
8.930000000000000000e+03 2.000000000000000164e-05
8.940000000000000000e+03 2.000000000000000164e-05
8.950000000000000000e+03 2.000000000000000164e-05
8.960000000000000000e+03 2.000000000000000164e-05
8.970000000000000000e+03 4.000000000000000327e-05
8.980000000000000000e+03 1.200000000000000030e-04
8.990000000000000000e+03 6.999999999999999387e-05
9.000000000000000000e+03 5.000000000000000240e-05
9.010000000000000000e+03 6.000000000000000152e-05
9.020000000000000000e+03 9.000000000000000567e-05
9.030000000000000000e+03 1.700000000000000122e-04
9.040000000000000000e+03 4.499999999999999877e-04
9.050000000000000000e+03 1.080000000000000014e-03
9.060000000000000000e+03 5.999999999999999474e-04
9.070000000000000000e+03 2.400000000000000061e-04
9.080000000000000000e+03 1.200000000000000030e-04
9.090000000000000000e+03 6.999999999999999387e-05
9.100000000000000000e+03 5.000000000000000240e-05
9.110000000000000000e+03 4.000000000000000327e-05
9.120000000000000000e+03 3.000000000000000076e-05
9.130000000000000000e+03 3.000000000000000076e-05
9.140000000000000000e+03 4.000000000000000327e-05
9.150000000000000000e+03 5.000000000000000240e-05
9.160000000000000000e+03 1.000000000000000048e-04
9.170000000000000000e+03 2.700000000000000035e-04
9.180000000000000000e+03 2.200000000000000078e-04
9.190000000000000000e+03 3.699999999999999947e-04
9.200000000000000000e+03 5.400000000000000069e-04
9.210000000000000000e+03 2.100000000000000087e-04
9.220000000000000000e+03 1.100000000000000039e-04
9.230000000000000000e+03 1.499999999999999869e-04
9.240000000000000000e+03 2.300000000000000070e-04
9.250000000000000000e+03 5.000000000000000240e-05
9.260000000000000000e+03 4.000000000000000327e-05
9.270000000000000000e+03 3.000000000000000076e-05
9.280000000000000000e+03 3.000000000000000076e-05
9.290000000000000000e+03 4.000000000000000327e-05
9.300000000000000000e+03 5.000000000000000240e-05
9.310000000000000000e+03 9.000000000000000567e-05
9.320000000000000000e+03 2.999999999999999737e-04
9.330000000000000000e+03 1.910000000000000022e-03
9.340000000000000000e+03 2.200000000000000078e-04
9.350000000000000000e+03 6.999999999999999387e-05
9.360000000000000000e+03 4.000000000000000327e-05
9.370000000000000000e+03 2.000000000000000164e-05
9.380000000000000000e+03 2.000000000000000164e-05
9.390000000000000000e+03 2.000000000000000164e-05
9.400000000000000000e+03 2.000000000000000164e-05
9.410000000000000000e+03 2.000000000000000164e-05
9.420000000000000000e+03 4.000000000000000327e-05
9.430000000000000000e+03 1.100000000000000039e-04
9.440000000000000000e+03 5.400000000000000069e-04
9.450000000000000000e+03 6.999999999999999387e-05
9.460000000000000000e+03 1.000000000000000048e-04
9.470000000000000000e+03 8.400000000000000348e-04
9.480000000000000000e+03 1.800000000000000113e-04
9.490000000000000000e+03 4.000000000000000327e-05
9.500000000000000000e+03 2.000000000000000164e-05
9.510000000000000000e+03 1.000000000000000082e-05
9.520000000000000000e+03 1.000000000000000082e-05
9.530000000000000000e+03 1.000000000000000082e-05
9.540000000000000000e+03 1.000000000000000082e-05
9.550000000000000000e+03 1.000000000000000082e-05
9.560000000000000000e+03 1.000000000000000082e-05
9.570000000000000000e+03 1.000000000000000082e-05
9.580000000000000000e+03 1.000000000000000082e-05
9.590000000000000000e+03 1.000000000000000082e-05
9.600000000000000000e+03 2.000000000000000164e-05
9.610000000000000000e+03 3.000000000000000076e-05
9.620000000000000000e+03 4.000000000000000327e-05
9.630000000000000000e+03 9.000000000000000567e-05
9.640000000000000000e+03 2.500000000000000052e-04
9.650000000000000000e+03 1.779999999999999898e-03
9.660000000000000000e+03 5.400000000000000069e-04
9.670000000000000000e+03 1.200000000000000030e-04
9.680000000000000000e+03 5.000000000000000240e-05
9.690000000000000000e+03 3.000000000000000076e-05
9.700000000000000000e+03 2.000000000000000164e-05
9.710000000000000000e+03 5.000000000000000240e-05
9.720000000000000000e+03 1.200000000000000030e-04
9.730000000000000000e+03 2.000000000000000164e-05
9.740000000000000000e+03 1.000000000000000082e-05
9.750000000000000000e+03 1.000000000000000082e-05
9.760000000000000000e+03 1.000000000000000082e-05
9.770000000000000000e+03 1.000000000000000082e-05
9.780000000000000000e+03 1.000000000000000082e-05
9.790000000000000000e+03 1.000000000000000082e-05
9.800000000000000000e+03 1.000000000000000082e-05
9.810000000000000000e+03 1.000000000000000082e-05
9.820000000000000000e+03 2.000000000000000164e-05
9.830000000000000000e+03 5.000000000000000240e-05
9.840000000000000000e+03 2.500000000000000052e-04
9.850000000000000000e+03 8.499999999999999526e-04
9.860000000000000000e+03 1.299999999999999886e-04
9.870000000000000000e+03 7.699999999999999597e-04
9.880000000000000000e+03 6.000000000000000152e-05
9.890000000000000000e+03 2.000000000000000164e-05
9.900000000000000000e+03 1.000000000000000082e-05
9.910000000000000000e+03 1.000000000000000082e-05
9.920000000000000000e+03 0.000000000000000000e+00
9.930000000000000000e+03 0.000000000000000000e+00
9.940000000000000000e+03 0.000000000000000000e+00
9.950000000000000000e+03 0.000000000000000000e+00
9.960000000000000000e+03 0.000000000000000000e+00
9.970000000000000000e+03 0.000000000000000000e+00
9.980000000000000000e+03 0.000000000000000000e+00
9.990000000000000000e+03 0.000000000000000000e+00
1.000000000000000000e+04 0.000000000000000000e+00
1.001000000000000000e+04 0.000000000000000000e+00
1.002000000000000000e+04 0.000000000000000000e+00
1.003000000000000000e+04 0.000000000000000000e+00
1.004000000000000000e+04 0.000000000000000000e+00
1.005000000000000000e+04 0.000000000000000000e+00
1.006000000000000000e+04 1.000000000000000082e-05
1.007000000000000000e+04 1.000000000000000082e-05
1.008000000000000000e+04 2.000000000000000164e-05
1.009000000000000000e+04 3.000000000000000076e-05
1.010000000000000000e+04 6.000000000000000152e-05
1.011000000000000000e+04 5.000000000000000240e-05
1.012000000000000000e+04 3.000000000000000076e-05
1.013000000000000000e+04 2.000000000000000164e-05
1.014000000000000000e+04 1.000000000000000082e-05
1.015000000000000000e+04 1.000000000000000082e-05
1.016000000000000000e+04 2.000000000000000164e-05
1.017000000000000000e+04 2.000000000000000164e-05
1.018000000000000000e+04 1.000000000000000082e-05
1.019000000000000000e+04 1.000000000000000082e-05
1.020000000000000000e+04 0.000000000000000000e+00
1.021000000000000000e+04 0.000000000000000000e+00
1.022000000000000000e+04 0.000000000000000000e+00
1.023000000000000000e+04 0.000000000000000000e+00
1.024000000000000000e+04 0.000000000000000000e+00
1.025000000000000000e+04 0.000000000000000000e+00
1.026000000000000000e+04 0.000000000000000000e+00
1.027000000000000000e+04 1.000000000000000082e-05
1.028000000000000000e+04 1.000000000000000082e-05
1.029000000000000000e+04 1.000000000000000082e-05
1.030000000000000000e+04 3.000000000000000076e-05
1.031000000000000000e+04 4.000000000000000327e-05
1.032000000000000000e+04 4.000000000000000327e-05
1.033000000000000000e+04 4.000000000000000327e-05
1.034000000000000000e+04 3.000000000000000076e-05
1.035000000000000000e+04 1.000000000000000082e-05
1.036000000000000000e+04 1.000000000000000082e-05
1.037000000000000000e+04 1.000000000000000082e-05
1.038000000000000000e+04 1.000000000000000082e-05
1.039000000000000000e+04 0.000000000000000000e+00
1.040000000000000000e+04 0.000000000000000000e+00
1.041000000000000000e+04 0.000000000000000000e+00
1.042000000000000000e+04 0.000000000000000000e+00
1.043000000000000000e+04 0.000000000000000000e+00
1.044000000000000000e+04 0.000000000000000000e+00
1.045000000000000000e+04 0.000000000000000000e+00
1.046000000000000000e+04 0.000000000000000000e+00
1.047000000000000000e+04 0.000000000000000000e+00
1.048000000000000000e+04 0.000000000000000000e+00
1.049000000000000000e+04 0.000000000000000000e+00
1.050000000000000000e+04 0.000000000000000000e+00
1.051000000000000000e+04 0.000000000000000000e+00
1.052000000000000000e+04 0.000000000000000000e+00
1.053000000000000000e+04 0.000000000000000000e+00
1.054000000000000000e+04 0.000000000000000000e+00
1.055000000000000000e+04 0.000000000000000000e+00
1.056000000000000000e+04 0.000000000000000000e+00
1.057000000000000000e+04 1.000000000000000082e-05
1.058000000000000000e+04 1.000000000000000082e-05
1.059000000000000000e+04 1.000000000000000082e-05
1.060000000000000000e+04 1.000000000000000082e-05
1.061000000000000000e+04 1.000000000000000082e-05
1.062000000000000000e+04 2.000000000000000164e-05
1.063000000000000000e+04 2.000000000000000164e-05
1.064000000000000000e+04 2.000000000000000164e-05
1.065000000000000000e+04 2.000000000000000164e-05
1.066000000000000000e+04 2.000000000000000164e-05
1.067000000000000000e+04 1.000000000000000082e-05
1.068000000000000000e+04 1.000000000000000082e-05
1.069000000000000000e+04 1.000000000000000082e-05
1.070000000000000000e+04 1.000000000000000082e-05
1.071000000000000000e+04 1.000000000000000082e-05
1.072000000000000000e+04 1.000000000000000082e-05
1.073000000000000000e+04 1.000000000000000082e-05
1.074000000000000000e+04 1.000000000000000082e-05
1.075000000000000000e+04 0.000000000000000000e+00
1.076000000000000000e+04 0.000000000000000000e+00
1.077000000000000000e+04 1.000000000000000082e-05
1.078000000000000000e+04 1.000000000000000082e-05
1.079000000000000000e+04 1.000000000000000082e-05
1.080000000000000000e+04 1.000000000000000082e-05
1.081000000000000000e+04 1.000000000000000082e-05
1.082000000000000000e+04 1.000000000000000082e-05
1.083000000000000000e+04 1.000000000000000082e-05
1.084000000000000000e+04 2.000000000000000164e-05
1.085000000000000000e+04 2.000000000000000164e-05
1.086000000000000000e+04 2.000000000000000164e-05
1.087000000000000000e+04 2.000000000000000164e-05
1.088000000000000000e+04 1.000000000000000082e-05
1.089000000000000000e+04 1.000000000000000082e-05
1.090000000000000000e+04 1.000000000000000082e-05
1.091000000000000000e+04 1.000000000000000082e-05
1.092000000000000000e+04 1.000000000000000082e-05
1.093000000000000000e+04 1.000000000000000082e-05
1.094000000000000000e+04 1.000000000000000082e-05
1.095000000000000000e+04 1.000000000000000082e-05
1.096000000000000000e+04 1.000000000000000082e-05
1.097000000000000000e+04 1.000000000000000082e-05
1.098000000000000000e+04 1.000000000000000082e-05
1.099000000000000000e+04 1.000000000000000082e-05
1.100000000000000000e+04 1.000000000000000082e-05
1.101000000000000000e+04 1.000000000000000082e-05
1.102000000000000000e+04 1.000000000000000082e-05
1.103000000000000000e+04 1.000000000000000082e-05
1.104000000000000000e+04 1.000000000000000082e-05
1.105000000000000000e+04 1.000000000000000082e-05
1.106000000000000000e+04 1.000000000000000082e-05
1.107000000000000000e+04 1.000000000000000082e-05
1.108000000000000000e+04 1.000000000000000082e-05
1.109000000000000000e+04 1.000000000000000082e-05
1.110000000000000000e+04 1.000000000000000082e-05
1.111000000000000000e+04 1.000000000000000082e-05
1.112000000000000000e+04 1.000000000000000082e-05
1.113000000000000000e+04 1.000000000000000082e-05
1.114000000000000000e+04 1.000000000000000082e-05
1.115000000000000000e+04 1.000000000000000082e-05
1.116000000000000000e+04 1.000000000000000082e-05
1.117000000000000000e+04 1.000000000000000082e-05
1.118000000000000000e+04 1.000000000000000082e-05
1.119000000000000000e+04 1.000000000000000082e-05
1.120000000000000000e+04 1.000000000000000082e-05
1.121000000000000000e+04 1.000000000000000082e-05
1.122000000000000000e+04 1.000000000000000082e-05
1.123000000000000000e+04 1.000000000000000082e-05
1.124000000000000000e+04 1.000000000000000082e-05
1.125000000000000000e+04 1.000000000000000082e-05
1.126000000000000000e+04 1.000000000000000082e-05
1.127000000000000000e+04 1.000000000000000082e-05
1.128000000000000000e+04 2.000000000000000164e-05
1.129000000000000000e+04 2.000000000000000164e-05
1.130000000000000000e+04 2.000000000000000164e-05
1.131000000000000000e+04 2.000000000000000164e-05
1.132000000000000000e+04 2.000000000000000164e-05
1.133000000000000000e+04 2.000000000000000164e-05
1.134000000000000000e+04 2.000000000000000164e-05
1.135000000000000000e+04 3.000000000000000076e-05
1.136000000000000000e+04 3.000000000000000076e-05
1.137000000000000000e+04 3.000000000000000076e-05
1.138000000000000000e+04 4.000000000000000327e-05
1.139000000000000000e+04 4.000000000000000327e-05
1.140000000000000000e+04 4.000000000000000327e-05
1.141000000000000000e+04 5.000000000000000240e-05
1.142000000000000000e+04 5.000000000000000240e-05
1.143000000000000000e+04 6.000000000000000152e-05
1.144000000000000000e+04 6.000000000000000152e-05
1.145000000000000000e+04 6.999999999999999387e-05
1.146000000000000000e+04 8.000000000000000654e-05
1.147000000000000000e+04 8.000000000000000654e-05
1.148000000000000000e+04 9.000000000000000567e-05
1.149000000000000000e+04 9.000000000000000567e-05
1.150000000000000000e+04 1.000000000000000048e-04
1.151000000000000000e+04 1.100000000000000039e-04
1.152000000000000000e+04 1.100000000000000039e-04
1.153000000000000000e+04 1.200000000000000030e-04
1.154000000000000000e+04 1.299999999999999886e-04
1.155000000000000000e+04 1.299999999999999886e-04
1.156000000000000000e+04 1.399999999999999877e-04
1.157000000000000000e+04 1.499999999999999869e-04
1.158000000000000000e+04 1.600000000000000131e-04
1.159000000000000000e+04 1.700000000000000122e-04
1.160000000000000000e+04 1.800000000000000113e-04
1.161000000000000000e+04 1.900000000000000105e-04
1.162000000000000000e+04 2.100000000000000087e-04
1.163000000000000000e+04 2.200000000000000078e-04
1.164000000000000000e+04 2.400000000000000061e-04
1.165000000000000000e+04 2.599999999999999772e-04
1.166000000000000000e+04 2.900000000000000017e-04
1.167000000000000000e+04 3.099999999999999999e-04
1.168000000000000000e+04 3.400000000000000244e-04
1.169000000000000000e+04 3.800000000000000209e-04
1.170000000000000000e+04 4.200000000000000174e-04
1.171000000000000000e+04 4.600000000000000139e-04
1.172000000000000000e+04 5.100000000000000366e-04
1.173000000000000000e+04 5.699999999999999772e-04
1.174000000000000000e+04 6.400000000000000524e-04
1.175000000000000000e+04 7.200000000000000453e-04
1.176000000000000000e+04 8.000000000000000383e-04
1.177000000000000000e+04 9.100000000000000016e-04
1.178000000000000000e+04 1.020000000000000073e-03
1.179000000000000000e+04 1.160000000000000007e-03
1.180000000000000000e+04 1.319999999999999993e-03
1.181000000000000000e+04 1.510000000000000057e-03
1.182000000000000000e+04 1.729999999999999984e-03
1.183000000000000000e+04 1.990000000000000015e-03
1.184000000000000000e+04 2.299999999999999961e-03
1.185000000000000000e+04 2.670000000000000064e-03
1.186000000000000000e+04 3.109999999999999917e-03
1.187000000000000000e+04 3.629999999999999980e-03
1.188000000000000000e+04 4.270000000000000358e-03
1.189000000000000000e+04 5.029999999999999749e-03
1.190000000000000000e+04 5.969999999999999613e-03
1.191000000000000000e+04 7.100000000000000408e-03
1.192000000000000000e+04 8.489999999999999283e-03
1.193000000000000000e+04 1.017999999999999981e-02
1.194000000000000000e+04 1.225000000000000047e-02
1.195000000000000000e+04 1.477000000000000014e-02
1.196000000000000000e+04 1.779000000000000026e-02
1.197000000000000000e+04 2.137000000000000011e-02
1.198000000000000000e+04 2.548999999999999877e-02
1.199000000000000000e+04 3.007999999999999910e-02
1.200000000000000000e+04 3.493000000000000271e-02
