3.000000000000000000e+03 2.000000000000000164e-05
3.010000000000000000e+03 1.399999999999999877e-04
3.020000000000000000e+03 8.000000000000000654e-05
3.030000000000000000e+03 1.000000000000000048e-04
3.040000000000000000e+03 4.000000000000000327e-05
3.050000000000000000e+03 2.000000000000000164e-05
3.060000000000000000e+03 2.000000000000000164e-05
3.070000000000000000e+03 2.000000000000000164e-05
3.080000000000000000e+03 3.000000000000000076e-05
3.090000000000000000e+03 5.000000000000000240e-05
3.100000000000000000e+03 9.000000000000000567e-05
3.110000000000000000e+03 1.399999999999999877e-04
3.120000000000000000e+03 4.000000000000000327e-05
3.130000000000000000e+03 1.000000000000000082e-05
3.140000000000000000e+03 2.000000000000000164e-05
3.150000000000000000e+03 4.000000000000000327e-05
3.160000000000000000e+03 6.000000000000000152e-05
3.170000000000000000e+03 6.999999999999999387e-05
3.180000000000000000e+03 0.000000000000000000e+00
3.190000000000000000e+03 0.000000000000000000e+00
3.200000000000000000e+03 0.000000000000000000e+00
3.210000000000000000e+03 0.000000000000000000e+00
3.220000000000000000e+03 0.000000000000000000e+00
3.230000000000000000e+03 0.000000000000000000e+00
3.240000000000000000e+03 0.000000000000000000e+00
3.250000000000000000e+03 0.000000000000000000e+00
3.260000000000000000e+03 0.000000000000000000e+00
3.270000000000000000e+03 0.000000000000000000e+00
3.280000000000000000e+03 0.000000000000000000e+00
3.290000000000000000e+03 0.000000000000000000e+00
3.300000000000000000e+03 0.000000000000000000e+00
3.310000000000000000e+03 0.000000000000000000e+00
3.320000000000000000e+03 0.000000000000000000e+00
3.330000000000000000e+03 0.000000000000000000e+00
3.340000000000000000e+03 5.000000000000000240e-05
3.350000000000000000e+03 8.000000000000000654e-05
3.360000000000000000e+03 9.000000000000000567e-05
3.370000000000000000e+03 6.999999999999999387e-05
3.380000000000000000e+03 1.200000000000000030e-04
3.390000000000000000e+03 9.000000000000000567e-05
3.400000000000000000e+03 1.000000000000000048e-04
3.410000000000000000e+03 2.999999999999999737e-04
3.420000000000000000e+03 2.300000000000000070e-04
3.430000000000000000e+03 1.299999999999999886e-04
3.440000000000000000e+03 1.299999999999999886e-04
3.450000000000000000e+03 3.400000000000000244e-04
3.460000000000000000e+03 2.999999999999999737e-04
3.470000000000000000e+03 1.700000000000000122e-04
3.480000000000000000e+03 5.800000000000000034e-04
3.490000000000000000e+03 5.299999999999999807e-04
3.500000000000000000e+03 2.999999999999999737e-04
3.510000000000000000e+03 8.000000000000000654e-05
3.520000000000000000e+03 6.000000000000000152e-05
3.530000000000000000e+03 9.000000000000000567e-05
3.540000000000000000e+03 9.000000000000000567e-05
3.550000000000000000e+03 2.000000000000000164e-05
3.560000000000000000e+03 1.000000000000000082e-05
3.570000000000000000e+03 1.000000000000000082e-05
3.580000000000000000e+03 1.000000000000000082e-05
3.590000000000000000e+03 1.000000000000000082e-05
3.600000000000000000e+03 1.000000000000000082e-05
3.610000000000000000e+03 1.000000000000000082e-05
3.620000000000000000e+03 1.000000000000000082e-05
3.630000000000000000e+03 2.000000000000000164e-05
3.640000000000000000e+03 1.000000000000000082e-05
3.650000000000000000e+03 1.000000000000000082e-05
3.660000000000000000e+03 2.000000000000000164e-05
3.670000000000000000e+03 3.000000000000000076e-05
3.680000000000000000e+03 8.000000000000000654e-05
3.690000000000000000e+03 9.000000000000000567e-05
3.700000000000000000e+03 6.999999999999999387e-05
3.710000000000000000e+03 8.000000000000000654e-05
3.720000000000000000e+03 1.499999999999999869e-04
3.730000000000000000e+03 3.000000000000000076e-05
3.740000000000000000e+03 3.000000000000000076e-05
3.750000000000000000e+03 1.600000000000000131e-04
3.760000000000000000e+03 6.999999999999999387e-05
3.770000000000000000e+03 5.000000000000000240e-05
3.780000000000000000e+03 6.999999999999999387e-05
3.790000000000000000e+03 8.000000000000000654e-05
3.800000000000000000e+03 5.000000000000000240e-05
3.810000000000000000e+03 8.000000000000000654e-05
3.820000000000000000e+03 9.000000000000000567e-05
3.830000000000000000e+03 6.999999999999999387e-05
3.840000000000000000e+03 1.200000000000000030e-04
3.850000000000000000e+03 9.000000000000000567e-05
3.860000000000000000e+03 1.000000000000000048e-04
3.870000000000000000e+03 2.999999999999999737e-04
3.880000000000000000e+03 2.300000000000000070e-04
3.890000000000000000e+03 1.299999999999999886e-04
3.900000000000000000e+03 1.299999999999999886e-04
3.910000000000000000e+03 3.400000000000000244e-04
3.920000000000000000e+03 2.999999999999999737e-04
3.930000000000000000e+03 1.700000000000000122e-04
3.940000000000000000e+03 5.800000000000000034e-04
3.950000000000000000e+03 5.299999999999999807e-04
3.960000000000000000e+03 2.999999999999999737e-04
3.970000000000000000e+03 8.000000000000000654e-05
3.980000000000000000e+03 6.000000000000000152e-05
3.990000000000000000e+03 9.000000000000000567e-05
4.000000000000000000e+03 9.000000000000000567e-05
4.010000000000000000e+03 2.000000000000000164e-05
4.020000000000000000e+03 1.000000000000000082e-05
4.030000000000000000e+03 1.000000000000000082e-05
4.040000000000000000e+03 1.000000000000000082e-05
4.050000000000000000e+03 1.000000000000000082e-05
4.060000000000000000e+03 1.000000000000000082e-05
4.070000000000000000e+03 1.000000000000000082e-05
4.080000000000000000e+03 1.000000000000000082e-05
4.090000000000000000e+03 2.000000000000000164e-05
4.100000000000000000e+03 1.000000000000000082e-05
4.110000000000000000e+03 1.000000000000000082e-05
4.120000000000000000e+03 2.000000000000000164e-05
4.130000000000000000e+03 3.000000000000000076e-05
4.140000000000000000e+03 8.000000000000000654e-05
4.150000000000000000e+03 9.000000000000000567e-05
4.160000000000000000e+03 6.999999999999999387e-05
4.170000000000000000e+03 8.000000000000000654e-05
4.180000000000000000e+03 1.499999999999999869e-04
4.190000000000000000e+03 3.000000000000000076e-05
4.200000000000000000e+03 3.000000000000000076e-05
4.210000000000000000e+03 1.600000000000000131e-04
4.220000000000000000e+03 6.999999999999999387e-05
4.230000000000000000e+03 5.000000000000000240e-05
4.240000000000000000e+03 6.999999999999999387e-05
4.250000000000000000e+03 8.000000000000000654e-05
4.260000000000000000e+03 8.000000000000000654e-05
4.270000000000000000e+03 1.000000000000000048e-04
4.280000000000000000e+03 1.600000000000000131e-04
4.290000000000000000e+03 3.000000000000000076e-05
4.300000000000000000e+03 5.000000000000000240e-05
4.310000000000000000e+03 4.000000000000000327e-05
4.320000000000000000e+03 2.000000000000000164e-05
4.330000000000000000e+03 1.100000000000000039e-04
4.340000000000000000e+03 5.000000000000000240e-05
4.350000000000000000e+03 2.000000000000000164e-05
4.360000000000000000e+03 1.399999999999999877e-04
4.370000000000000000e+03 8.000000000000000654e-05
4.380000000000000000e+03 1.000000000000000048e-04
4.390000000000000000e+03 4.000000000000000327e-05
4.400000000000000000e+03 2.000000000000000164e-05
4.410000000000000000e+03 2.000000000000000164e-05
4.420000000000000000e+03 2.000000000000000164e-05
4.430000000000000000e+03 3.000000000000000076e-05
4.440000000000000000e+03 5.000000000000000240e-05
4.450000000000000000e+03 9.000000000000000567e-05
4.460000000000000000e+03 1.399999999999999877e-04
4.470000000000000000e+03 4.000000000000000327e-05
4.480000000000000000e+03 1.000000000000000082e-05
4.490000000000000000e+03 2.000000000000000164e-05
4.500000000000000000e+03 4.000000000000000327e-05
4.510000000000000000e+03 6.000000000000000152e-05
4.520000000000000000e+03 6.999999999999999387e-05
4.530000000000000000e+03 6.999999999999999387e-05
4.540000000000000000e+03 5.000000000000000240e-05
4.550000000000000000e+03 4.000000000000000327e-05
4.560000000000000000e+03 3.000000000000000076e-05
4.570000000000000000e+03 2.000000000000000164e-05
4.580000000000000000e+03 2.000000000000000164e-05
4.590000000000000000e+03 2.000000000000000164e-05
4.600000000000000000e+03 1.000000000000000082e-05
4.610000000000000000e+03 1.000000000000000082e-05
4.620000000000000000e+03 1.000000000000000082e-05
4.630000000000000000e+03 1.000000000000000082e-05
4.640000000000000000e+03 1.000000000000000082e-05
4.650000000000000000e+03 1.000000000000000082e-05
4.660000000000000000e+03 1.000000000000000082e-05
4.670000000000000000e+03 1.000000000000000082e-05
4.680000000000000000e+03 1.000000000000000082e-05
4.690000000000000000e+03 1.000000000000000082e-05
4.700000000000000000e+03 1.000000000000000082e-05
4.710000000000000000e+03 1.000000000000000082e-05
4.720000000000000000e+03 1.000000000000000082e-05
4.730000000000000000e+03 1.000000000000000082e-05
4.740000000000000000e+03 1.000000000000000082e-05
4.750000000000000000e+03 1.000000000000000082e-05
4.760000000000000000e+03 1.000000000000000082e-05
4.770000000000000000e+03 1.000000000000000082e-05
4.780000000000000000e+03 1.000000000000000082e-05
4.790000000000000000e+03 1.000000000000000082e-05
4.800000000000000000e+03 2.000000000000000164e-05
4.810000000000000000e+03 2.000000000000000164e-05
4.820000000000000000e+03 3.000000000000000076e-05
4.830000000000000000e+03 3.000000000000000076e-05
4.840000000000000000e+03 5.000000000000000240e-05
4.850000000000000000e+03 8.000000000000000654e-05
4.860000000000000000e+03 1.200000000000000030e-04
4.870000000000000000e+03 2.100000000000000087e-04
4.880000000000000000e+03 3.699999999999999947e-04
4.890000000000000000e+03 5.199999999999999544e-04
4.900000000000000000e+03 4.899999999999999842e-04
4.910000000000000000e+03 4.000000000000000192e-04
4.920000000000000000e+03 3.800000000000000209e-04
4.930000000000000000e+03 4.200000000000000174e-04
4.940000000000000000e+03 3.499999999999999964e-04
4.950000000000000000e+03 2.799999999999999755e-04
4.960000000000000000e+03 2.599999999999999772e-04
4.970000000000000000e+03 2.900000000000000017e-04
4.980000000000000000e+03 4.000000000000000192e-04
4.990000000000000000e+03 5.800000000000000034e-04
5.000000000000000000e+03 7.100000000000000191e-04
5.010000000000000000e+03 6.899999999999999667e-04
5.020000000000000000e+03 5.400000000000000069e-04
5.030000000000000000e+03 4.099999999999999912e-04
5.040000000000000000e+03 3.400000000000000244e-04
5.050000000000000000e+03 3.099999999999999999e-04
5.060000000000000000e+03 2.999999999999999737e-04
5.070000000000000000e+03 3.099999999999999999e-04
5.080000000000000000e+03 3.299999999999999982e-04
5.090000000000000000e+03 3.699999999999999947e-04
5.100000000000000000e+03 4.200000000000000174e-04
5.110000000000000000e+03 4.800000000000000122e-04
5.120000000000000000e+03 5.699999999999999772e-04
5.130000000000000000e+03 6.800000000000000488e-04
5.140000000000000000e+03 8.300000000000000086e-04
5.150000000000000000e+03 1.010000000000000047e-03
5.160000000000000000e+03 1.250000000000000026e-03
5.170000000000000000e+03 1.539999999999999919e-03
5.180000000000000000e+03 1.910000000000000022e-03
5.190000000000000000e+03 2.370000000000000145e-03
5.200000000000000000e+03 2.919999999999999853e-03
5.210000000000000000e+03 3.589999999999999875e-03
5.220000000000000000e+03 4.380000000000000213e-03
5.230000000000000000e+03 5.320000000000000076e-03
5.240000000000000000e+03 6.440000000000000412e-03
5.250000000000000000e+03 7.769999999999999997e-03
5.260000000000000000e+03 9.350000000000000672e-03
5.270000000000000000e+03 1.123999999999999999e-02
5.280000000000000000e+03 1.349999999999999985e-02
5.290000000000000000e+03 1.627999999999999933e-02
5.300000000000000000e+03 1.975000000000000019e-02
5.310000000000000000e+03 2.420999999999999888e-02
5.320000000000000000e+03 3.005999999999999991e-02
5.330000000000000000e+03 3.785000000000000170e-02
5.340000000000000000e+03 4.821000000000000285e-02
5.350000000000000000e+03 6.180000000000000077e-02
5.360000000000000000e+03 7.904999999999999527e-02
5.370000000000000000e+03 9.989000000000000656e-02
5.380000000000000000e+03 1.232400000000000023e-01
5.390000000000000000e+03 1.467400000000000093e-01
5.400000000000000000e+03 1.674499999999999877e-01
5.410000000000000000e+03 1.837000000000000022e-01
5.420000000000000000e+03 1.968300000000000050e-01
5.430000000000000000e+03 2.105499999999999872e-01
5.440000000000000000e+03 2.292299999999999893e-01
5.450000000000000000e+03 2.570000000000000062e-01
5.460000000000000000e+03 2.978600000000000136e-01
5.470000000000000000e+03 3.551300000000000012e-01
5.480000000000000000e+03 4.291699999999999959e-01
5.490000000000000000e+03 5.127199999999999536e-01
5.500000000000000000e+03 5.892100000000000115e-01
5.510000000000000000e+03 6.424499999999999655e-01
5.520000000000000000e+03 6.705600000000000449e-01
5.530000000000000000e+03 6.841199999999999504e-01
5.540000000000000000e+03 6.957999999999999741e-01
5.550000000000000000e+03 7.138099999999999445e-01
5.560000000000000000e+03 7.415000000000000480e-01
5.570000000000000000e+03 7.796899999999999942e-01
5.580000000000000000e+03 8.282300000000000217e-01
5.590000000000000000e+03 8.839700000000000335e-01
5.600000000000000000e+03 9.368600000000000261e-01
5.610000000000000000e+03 9.733000000000000540e-01
5.620000000000000000e+03 9.883600000000000163e-01
5.630000000000000000e+03 9.892600000000000282e-01
5.640000000000000000e+03 9.857599999999999696e-01
5.650000000000000000e+03 9.830799999999999539e-01
5.660000000000000000e+03 9.822800000000000420e-01
5.670000000000000000e+03 9.826700000000000434e-01
5.680000000000000000e+03 9.833600000000000119e-01
5.690000000000000000e+03 9.841299999999999493e-01
5.700000000000000000e+03 9.855500000000000371e-01
5.710000000000000000e+03 9.881699999999999928e-01
5.720000000000000000e+03 9.914899999999999824e-01
5.730000000000000000e+03 9.940099999999999492e-01
5.740000000000000000e+03 9.940999999999999837e-01
5.750000000000000000e+03 9.911900000000000155e-01
5.760000000000000000e+03 9.861699999999999910e-01
5.770000000000000000e+03 9.810999999999999721e-01
5.780000000000000000e+03 9.782199999999999784e-01
5.790000000000000000e+03 9.789200000000000124e-01
5.800000000000000000e+03 9.831199999999999939e-01
5.810000000000000000e+03 9.892800000000000482e-01
5.820000000000000000e+03 9.950499999999999901e-01
5.830000000000000000e+03 9.982699999999999907e-01
5.840000000000000000e+03 9.978500000000000147e-01
5.850000000000000000e+03 9.942100000000000382e-01
5.860000000000000000e+03 9.889099999999999557e-01
5.870000000000000000e+03 9.838799999999999768e-01
5.880000000000000000e+03 9.806599999999999762e-01
5.890000000000000000e+03 9.800100000000000477e-01
5.900000000000000000e+03 9.818299999999999805e-01
5.910000000000000000e+03 9.853499999999999481e-01
5.920000000000000000e+03 9.894500000000000517e-01
5.930000000000000000e+03 9.930200000000000138e-01
5.940000000000000000e+03 9.951999999999999735e-01
5.950000000000000000e+03 9.955699999999999550e-01
5.960000000000000000e+03 9.941799999999999526e-01
5.970000000000000000e+03 9.915500000000000425e-01
5.980000000000000000e+03 9.885199999999999543e-01
5.990000000000000000e+03 9.860600000000000476e-01
6.000000000000000000e+03 9.849599999999999467e-01
6.010000000000000000e+03 9.856300000000000061e-01
6.020000000000000000e+03 9.879000000000000004e-01
6.030000000000000000e+03 9.910600000000000520e-01
6.040000000000000000e+03 9.940299999999999692e-01
6.050000000000000000e+03 9.957500000000000240e-01
6.060000000000000000e+03 9.956300000000000150e-01
6.070000000000000000e+03 9.938000000000000167e-01
6.080000000000000000e+03 9.910700000000000065e-01
6.090000000000000000e+03 9.885699999999999488e-01
6.100000000000000000e+03 9.873600000000000154e-01
6.110000000000000000e+03 9.879099999999999548e-01
6.120000000000000000e+03 9.899499999999999966e-01
6.130000000000000000e+03 9.925300000000000233e-01
6.140000000000000000e+03 9.944800000000000306e-01
6.150000000000000000e+03 9.948500000000000121e-01
6.160000000000000000e+03 9.933800000000000407e-01
6.170000000000000000e+03 9.905399999999999761e-01
6.180000000000000000e+03 9.873800000000000354e-01
6.190000000000000000e+03 9.850700000000000012e-01
6.200000000000000000e+03 9.844399999999999817e-01
6.210000000000000000e+03 9.855800000000000116e-01
6.220000000000000000e+03 9.878099999999999659e-01
6.230000000000000000e+03 9.899900000000000366e-01
6.240000000000000000e+03 9.909599999999999520e-01
6.250000000000000000e+03 9.900799999999999601e-01
6.260000000000000000e+03 9.875099999999999989e-01
6.270000000000000000e+03 9.840600000000000458e-01
6.280000000000000000e+03 9.809400000000000341e-01
6.290000000000000000e+03 9.791900000000000048e-01
6.300000000000000000e+03 9.793199999999999683e-01
6.310000000000000000e+03 9.810299999999999576e-01
6.320000000000000000e+03 9.833600000000000119e-01
6.330000000000000000e+03 9.850999999999999757e-01
6.340000000000000000e+03 9.852699999999999791e-01
6.350000000000000000e+03 9.835599999999999898e-01
6.360000000000000000e+03 9.804300000000000237e-01
6.370000000000000000e+03 9.769400000000000306e-01
6.380000000000000000e+03 9.743000000000000549e-01
6.390000000000000000e+03 9.734599999999999920e-01
6.400000000000000000e+03 9.747099999999999653e-01
6.410000000000000000e+03 9.775800000000000045e-01
6.420000000000000000e+03 9.810200000000000031e-01
6.430000000000000000e+03 9.838099999999999623e-01
6.440000000000000000e+03 9.850100000000000522e-01
6.450000000000000000e+03 9.843399999999999928e-01
6.460000000000000000e+03 9.822499999999999565e-01
6.470000000000000000e+03 9.797299999999999898e-01
6.480000000000000000e+03 9.778900000000000370e-01
6.490000000000000000e+03 9.776200000000000445e-01
6.500000000000000000e+03 9.791800000000000503e-01
6.510000000000000000e+03 9.822699999999999765e-01
6.520000000000000000e+03 9.859700000000000131e-01
6.530000000000000000e+03 9.892300000000000537e-01
6.540000000000000000e+03 9.911600000000000410e-01
6.550000000000000000e+03 9.914100000000000135e-01
6.560000000000000000e+03 9.901499999999999746e-01
6.570000000000000000e+03 9.880200000000000093e-01
6.580000000000000000e+03 9.858500000000000041e-01
6.590000000000000000e+03 9.843699999999999672e-01
6.600000000000000000e+03 9.839400000000000368e-01
6.610000000000000000e+03 9.845699999999999452e-01
6.620000000000000000e+03 9.859099999999999531e-01
6.630000000000000000e+03 9.874500000000000499e-01
6.640000000000000000e+03 9.886899999999999578e-01
6.650000000000000000e+03 9.892400000000000082e-01
6.660000000000000000e+03 9.889599999999999502e-01
6.670000000000000000e+03 9.879200000000000204e-01
6.680000000000000000e+03 9.864000000000000545e-01
6.690000000000000000e+03 9.848000000000000087e-01
6.700000000000000000e+03 9.835000000000000409e-01
6.710000000000000000e+03 9.827000000000000179e-01
6.720000000000000000e+03 9.821800000000000530e-01
6.730000000000000000e+03 9.809799999999999631e-01
6.740000000000000000e+03 9.773199999999999665e-01
6.750000000000000000e+03 9.688700000000000090e-01
6.760000000000000000e+03 9.538999999999999702e-01
6.770000000000000000e+03 9.324700000000000211e-01
6.780000000000000000e+03 9.065600000000000325e-01
6.790000000000000000e+03 8.786699999999999511e-01
6.800000000000000000e+03 8.504899999999999682e-01
6.810000000000000000e+03 8.226099999999999524e-01
6.820000000000000000e+03 7.953299999999999814e-01
6.830000000000000000e+03 7.690599999999999659e-01
6.840000000000000000e+03 7.433999999999999497e-01
6.850000000000000000e+03 7.156700000000000284e-01
6.860000000000000000e+03 6.818199999999999816e-01
6.870000000000000000e+03 6.406500000000000528e-01
6.880000000000000000e+03 5.960699999999999887e-01
6.890000000000000000e+03 5.529699999999999616e-01
6.900000000000000000e+03 5.129500000000000171e-01
6.910000000000000000e+03 4.751199999999999868e-01
6.920000000000000000e+03 4.383099999999999774e-01
6.930000000000000000e+03 4.016000000000000125e-01
6.940000000000000000e+03 3.634800000000000253e-01
6.950000000000000000e+03 3.215100000000000180e-01
6.960000000000000000e+03 2.735099999999999754e-01
6.970000000000000000e+03 2.198599999999999999e-01
6.980000000000000000e+03 1.649799999999999878e-01
6.990000000000000000e+03 1.158200000000000063e-01
7.000000000000000000e+03 7.752000000000000557e-02
7.010000000000000000e+03 5.106000000000000122e-02
7.020000000000000000e+03 3.364999999999999936e-02
7.030000000000000000e+03 2.248999999999999957e-02
7.040000000000000000e+03 1.533999999999999947e-02
7.050000000000000000e+03 1.069999999999999944e-02
7.060000000000000000e+03 7.629999999999999630e-03
7.070000000000000000e+03 5.550000000000000246e-03
7.080000000000000000e+03 4.109999999999999938e-03
7.090000000000000000e+03 3.099999999999999891e-03
7.100000000000000000e+03 2.370000000000000145e-03
7.110000000000000000e+03 1.840000000000000056e-03
7.120000000000000000e+03 1.449999999999999900e-03
7.130000000000000000e+03 1.160000000000000007e-03
7.140000000000000000e+03 9.399999999999999719e-04
7.150000000000000000e+03 7.699999999999999597e-04
7.160000000000000000e+03 6.499999999999999702e-04
7.170000000000000000e+03 5.599999999999999509e-04
7.180000000000000000e+03 4.800000000000000122e-04
7.190000000000000000e+03 4.299999999999999894e-04
7.200000000000000000e+03 3.800000000000000209e-04
7.210000000000000000e+03 3.400000000000000244e-04
7.220000000000000000e+03 3.099999999999999999e-04
7.230000000000000000e+03 2.799999999999999755e-04
7.240000000000000000e+03 2.599999999999999772e-04
7.250000000000000000e+03 2.400000000000000061e-04
7.260000000000000000e+03 2.300000000000000070e-04
7.270000000000000000e+03 2.200000000000000078e-04
7.280000000000000000e+03 2.100000000000000087e-04
7.290000000000000000e+03 2.000000000000000096e-04
7.300000000000000000e+03 1.900000000000000105e-04
7.310000000000000000e+03 1.800000000000000113e-04
7.320000000000000000e+03 1.800000000000000113e-04
7.330000000000000000e+03 1.700000000000000122e-04
7.340000000000000000e+03 1.600000000000000131e-04
7.350000000000000000e+03 1.499999999999999869e-04
7.360000000000000000e+03 1.499999999999999869e-04
7.370000000000000000e+03 1.299999999999999886e-04
7.380000000000000000e+03 1.299999999999999886e-04
7.390000000000000000e+03 1.200000000000000030e-04
7.400000000000000000e+03 1.100000000000000039e-04
7.410000000000000000e+03 1.000000000000000048e-04
7.420000000000000000e+03 9.000000000000000567e-05
7.430000000000000000e+03 9.000000000000000567e-05
7.440000000000000000e+03 8.000000000000000654e-05
7.450000000000000000e+03 8.000000000000000654e-05
7.460000000000000000e+03 6.999999999999999387e-05
7.470000000000000000e+03 6.999999999999999387e-05
7.480000000000000000e+03 6.999999999999999387e-05
7.490000000000000000e+03 6.000000000000000152e-05
7.500000000000000000e+03 6.000000000000000152e-05
7.510000000000000000e+03 6.000000000000000152e-05
7.520000000000000000e+03 6.000000000000000152e-05
7.530000000000000000e+03 6.000000000000000152e-05
7.540000000000000000e+03 6.000000000000000152e-05
7.550000000000000000e+03 6.999999999999999387e-05
7.560000000000000000e+03 6.999999999999999387e-05
7.570000000000000000e+03 6.999999999999999387e-05
7.580000000000000000e+03 6.999999999999999387e-05
7.590000000000000000e+03 6.999999999999999387e-05
7.600000000000000000e+03 6.999999999999999387e-05
7.610000000000000000e+03 6.000000000000000152e-05
7.620000000000000000e+03 6.000000000000000152e-05
7.630000000000000000e+03 6.000000000000000152e-05
7.640000000000000000e+03 5.000000000000000240e-05
7.650000000000000000e+03 5.000000000000000240e-05
7.660000000000000000e+03 5.000000000000000240e-05
7.670000000000000000e+03 5.000000000000000240e-05
7.680000000000000000e+03 6.000000000000000152e-05
7.690000000000000000e+03 6.000000000000000152e-05
7.700000000000000000e+03 6.000000000000000152e-05
7.710000000000000000e+03 6.000000000000000152e-05
7.720000000000000000e+03 6.000000000000000152e-05
7.730000000000000000e+03 6.000000000000000152e-05
7.740000000000000000e+03 6.000000000000000152e-05
7.750000000000000000e+03 5.000000000000000240e-05
7.760000000000000000e+03 5.000000000000000240e-05
7.770000000000000000e+03 4.000000000000000327e-05
7.780000000000000000e+03 4.000000000000000327e-05
7.790000000000000000e+03 4.000000000000000327e-05
7.800000000000000000e+03 4.000000000000000327e-05
7.810000000000000000e+03 3.000000000000000076e-05
7.820000000000000000e+03 3.000000000000000076e-05
7.830000000000000000e+03 3.000000000000000076e-05
7.840000000000000000e+03 3.000000000000000076e-05
7.850000000000000000e+03 3.000000000000000076e-05
7.860000000000000000e+03 3.000000000000000076e-05
7.870000000000000000e+03 4.000000000000000327e-05
7.880000000000000000e+03 4.000000000000000327e-05
7.890000000000000000e+03 4.000000000000000327e-05
7.900000000000000000e+03 4.000000000000000327e-05
7.910000000000000000e+03 5.000000000000000240e-05
7.920000000000000000e+03 5.000000000000000240e-05
7.930000000000000000e+03 6.000000000000000152e-05
7.940000000000000000e+03 6.000000000000000152e-05
7.950000000000000000e+03 6.000000000000000152e-05
7.960000000000000000e+03 6.000000000000000152e-05
7.970000000000000000e+03 6.000000000000000152e-05
7.980000000000000000e+03 6.000000000000000152e-05
7.990000000000000000e+03 5.000000000000000240e-05
8.000000000000000000e+03 5.000000000000000240e-05
8.010000000000000000e+03 4.000000000000000327e-05
8.020000000000000000e+03 4.000000000000000327e-05
8.030000000000000000e+03 5.000000000000000240e-05
8.040000000000000000e+03 5.000000000000000240e-05
8.050000000000000000e+03 5.000000000000000240e-05
8.060000000000000000e+03 6.000000000000000152e-05
8.070000000000000000e+03 6.000000000000000152e-05
8.080000000000000000e+03 6.000000000000000152e-05
8.090000000000000000e+03 6.000000000000000152e-05
8.100000000000000000e+03 6.000000000000000152e-05
8.110000000000000000e+03 6.000000000000000152e-05
8.120000000000000000e+03 6.000000000000000152e-05
8.130000000000000000e+03 6.000000000000000152e-05
8.140000000000000000e+03 8.000000000000000654e-05
8.150000000000000000e+03 1.299999999999999886e-04
8.160000000000000000e+03 6.800000000000000488e-04
8.170000000000000000e+03 3.099999999999999999e-04
8.180000000000000000e+03 1.700000000000000122e-04
8.190000000000000000e+03 2.200000000000000078e-04
8.200000000000000000e+03 4.400000000000000157e-04
8.210000000000000000e+03 1.360000000000000098e-03
8.220000000000000000e+03 3.210000000000000180e-03
8.230000000000000000e+03 7.699999999999999597e-04
8.240000000000000000e+03 2.599999999999999772e-04
8.250000000000000000e+03 1.299999999999999886e-04
8.260000000000000000e+03 8.000000000000000654e-05
8.270000000000000000e+03 6.000000000000000152e-05
8.280000000000000000e+03 6.000000000000000152e-05
8.290000000000000000e+03 6.000000000000000152e-05
8.300000000000000000e+03 6.999999999999999387e-05
8.310000000000000000e+03 1.100000000000000039e-04
8.320000000000000000e+03 2.200000000000000078e-04
8.330000000000000000e+03 1.199999999999999895e-03
8.340000000000000000e+03 7.600000000000000418e-04
8.350000000000000000e+03 1.850000000000000082e-03
8.360000000000000000e+03 9.300000000000000541e-04
8.370000000000000000e+03 2.100000000000000087e-04
8.380000000000000000e+03 9.000000000000000567e-05
8.390000000000000000e+03 5.000000000000000240e-05
8.400000000000000000e+03 3.000000000000000076e-05
8.410000000000000000e+03 2.000000000000000164e-05
8.420000000000000000e+03 1.000000000000000082e-05
8.430000000000000000e+03 1.000000000000000082e-05
8.440000000000000000e+03 1.000000000000000082e-05
8.450000000000000000e+03 1.000000000000000082e-05
8.460000000000000000e+03 1.000000000000000082e-05
8.470000000000000000e+03 1.000000000000000082e-05
8.480000000000000000e+03 0.000000000000000000e+00
8.490000000000000000e+03 0.000000000000000000e+00
8.500000000000000000e+03 0.000000000000000000e+00
8.510000000000000000e+03 0.000000000000000000e+00
8.520000000000000000e+03 0.000000000000000000e+00
8.530000000000000000e+03 0.000000000000000000e+00
8.540000000000000000e+03 0.000000000000000000e+00
8.550000000000000000e+03 0.000000000000000000e+00
8.560000000000000000e+03 0.000000000000000000e+00
8.570000000000000000e+03 0.000000000000000000e+00
8.580000000000000000e+03 1.000000000000000082e-05
8.590000000000000000e+03 1.000000000000000082e-05
8.600000000000000000e+03 1.000000000000000082e-05
8.610000000000000000e+03 1.000000000000000082e-05
8.620000000000000000e+03 1.000000000000000082e-05
8.630000000000000000e+03 1.000000000000000082e-05
8.640000000000000000e+03 1.000000000000000082e-05
8.650000000000000000e+03 1.000000000000000082e-05
8.660000000000000000e+03 2.000000000000000164e-05
8.670000000000000000e+03 2.000000000000000164e-05
8.680000000000000000e+03 3.000000000000000076e-05
8.690000000000000000e+03 4.000000000000000327e-05
8.700000000000000000e+03 6.000000000000000152e-05
8.710000000000000000e+03 1.000000000000000048e-04
8.720000000000000000e+03 1.800000000000000113e-04
8.730000000000000000e+03 3.299999999999999982e-04
8.740000000000000000e+03 4.000000000000000192e-04
8.750000000000000000e+03 2.500000000000000052e-04
8.760000000000000000e+03 1.299999999999999886e-04
8.770000000000000000e+03 8.000000000000000654e-05
8.780000000000000000e+03 5.000000000000000240e-05
8.790000000000000000e+03 3.000000000000000076e-05
8.800000000000000000e+03 3.000000000000000076e-05
8.810000000000000000e+03 2.000000000000000164e-05
8.820000000000000000e+03 2.000000000000000164e-05
8.830000000000000000e+03 3.000000000000000076e-05
8.840000000000000000e+03 4.000000000000000327e-05
8.850000000000000000e+03 6.000000000000000152e-05
8.860000000000000000e+03 5.000000000000000240e-05
8.870000000000000000e+03 3.000000000000000076e-05
8.880000000000000000e+03 3.000000000000000076e-05
8.890000000000000000e+03 3.000000000000000076e-05
8.900000000000000000e+03 4.000000000000000327e-05
8.910000000000000000e+03 5.000000000000000240e-05
8.920000000000000000e+03 8.000000000000000654e-05
8.930000000000000000e+03 1.499999999999999869e-04
8.940000000000000000e+03 1.900000000000000105e-04
8.950000000000000000e+03 1.299999999999999886e-04
8.960000000000000000e+03 8.000000000000000654e-05
8.970000000000000000e+03 9.000000000000000567e-05
8.980000000000000000e+03 1.100000000000000039e-04
8.990000000000000000e+03 6.999999999999999387e-05
9.000000000000000000e+03 4.000000000000000327e-05
9.010000000000000000e+03 3.000000000000000076e-05
9.020000000000000000e+03 2.000000000000000164e-05
9.030000000000000000e+03 2.000000000000000164e-05
9.040000000000000000e+03 2.000000000000000164e-05
9.050000000000000000e+03 2.000000000000000164e-05
9.060000000000000000e+03 2.000000000000000164e-05
9.070000000000000000e+03 3.000000000000000076e-05
9.080000000000000000e+03 3.000000000000000076e-05
9.090000000000000000e+03 4.000000000000000327e-05
9.100000000000000000e+03 4.000000000000000327e-05
9.110000000000000000e+03 5.000000000000000240e-05
9.120000000000000000e+03 6.999999999999999387e-05
9.130000000000000000e+03 9.000000000000000567e-05
9.140000000000000000e+03 1.100000000000000039e-04
9.150000000000000000e+03 1.399999999999999877e-04
9.160000000000000000e+03 1.700000000000000122e-04
9.170000000000000000e+03 1.900000000000000105e-04
9.180000000000000000e+03 1.900000000000000105e-04
9.190000000000000000e+03 1.800000000000000113e-04
9.200000000000000000e+03 1.600000000000000131e-04
9.210000000000000000e+03 1.299999999999999886e-04
9.220000000000000000e+03 1.100000000000000039e-04
9.230000000000000000e+03 9.000000000000000567e-05
9.240000000000000000e+03 8.000000000000000654e-05
9.250000000000000000e+03 8.000000000000000654e-05
9.260000000000000000e+03 6.999999999999999387e-05
9.270000000000000000e+03 6.999999999999999387e-05
9.280000000000000000e+03 6.999999999999999387e-05
9.290000000000000000e+03 6.999999999999999387e-05
9.300000000000000000e+03 6.999999999999999387e-05
9.310000000000000000e+03 6.999999999999999387e-05
9.320000000000000000e+03 6.999999999999999387e-05
9.330000000000000000e+03 8.000000000000000654e-05
9.340000000000000000e+03 1.000000000000000048e-04
9.350000000000000000e+03 1.100000000000000039e-04
9.360000000000000000e+03 1.299999999999999886e-04
9.370000000000000000e+03 1.399999999999999877e-04
9.380000000000000000e+03 1.499999999999999869e-04
9.390000000000000000e+03 1.399999999999999877e-04
9.400000000000000000e+03 1.299999999999999886e-04
9.410000000000000000e+03 1.100000000000000039e-04
9.420000000000000000e+03 1.000000000000000048e-04
9.430000000000000000e+03 8.000000000000000654e-05
9.440000000000000000e+03 6.999999999999999387e-05
9.450000000000000000e+03 5.000000000000000240e-05
9.460000000000000000e+03 4.000000000000000327e-05
9.470000000000000000e+03 4.000000000000000327e-05
9.480000000000000000e+03 3.000000000000000076e-05
9.490000000000000000e+03 3.000000000000000076e-05
9.500000000000000000e+03 3.000000000000000076e-05
9.510000000000000000e+03 3.000000000000000076e-05
9.520000000000000000e+03 3.000000000000000076e-05
9.530000000000000000e+03 3.000000000000000076e-05
9.540000000000000000e+03 3.000000000000000076e-05
9.550000000000000000e+03 3.000000000000000076e-05
9.560000000000000000e+03 4.000000000000000327e-05
9.570000000000000000e+03 4.000000000000000327e-05
9.580000000000000000e+03 5.000000000000000240e-05
9.590000000000000000e+03 6.000000000000000152e-05
9.600000000000000000e+03 6.999999999999999387e-05
9.610000000000000000e+03 8.000000000000000654e-05
9.620000000000000000e+03 1.000000000000000048e-04
9.630000000000000000e+03 1.299999999999999886e-04
9.640000000000000000e+03 1.600000000000000131e-04
9.650000000000000000e+03 2.000000000000000096e-04
9.660000000000000000e+03 2.400000000000000061e-04
9.670000000000000000e+03 2.700000000000000035e-04
9.680000000000000000e+03 2.900000000000000017e-04
9.690000000000000000e+03 2.900000000000000017e-04
9.700000000000000000e+03 2.799999999999999755e-04
9.710000000000000000e+03 2.599999999999999772e-04
9.720000000000000000e+03 2.300000000000000070e-04
9.730000000000000000e+03 2.100000000000000087e-04
9.740000000000000000e+03 1.800000000000000113e-04
9.750000000000000000e+03 1.600000000000000131e-04
9.760000000000000000e+03 1.499999999999999869e-04
9.770000000000000000e+03 1.399999999999999877e-04
9.780000000000000000e+03 1.299999999999999886e-04
9.790000000000000000e+03 1.299999999999999886e-04
9.800000000000000000e+03 1.299999999999999886e-04
9.810000000000000000e+03 1.299999999999999886e-04
9.820000000000000000e+03 1.299999999999999886e-04
9.830000000000000000e+03 1.299999999999999886e-04
9.840000000000000000e+03 1.200000000000000030e-04
9.850000000000000000e+03 1.100000000000000039e-04
9.860000000000000000e+03 1.000000000000000048e-04
9.870000000000000000e+03 9.000000000000000567e-05
9.880000000000000000e+03 9.000000000000000567e-05
9.890000000000000000e+03 8.000000000000000654e-05
9.900000000000000000e+03 8.000000000000000654e-05
9.910000000000000000e+03 6.999999999999999387e-05
9.920000000000000000e+03 6.999999999999999387e-05
9.930000000000000000e+03 6.000000000000000152e-05
9.940000000000000000e+03 6.000000000000000152e-05
9.950000000000000000e+03 5.000000000000000240e-05
9.960000000000000000e+03 5.000000000000000240e-05
9.970000000000000000e+03 4.000000000000000327e-05
9.980000000000000000e+03 4.000000000000000327e-05
9.990000000000000000e+03 3.000000000000000076e-05
1.000000000000000000e+04 3.000000000000000076e-05
1.001000000000000000e+04 3.000000000000000076e-05
1.002000000000000000e+04 2.000000000000000164e-05
1.003000000000000000e+04 2.000000000000000164e-05
1.004000000000000000e+04 2.000000000000000164e-05
1.005000000000000000e+04 2.000000000000000164e-05
1.006000000000000000e+04 2.000000000000000164e-05
1.007000000000000000e+04 1.000000000000000082e-05
1.008000000000000000e+04 1.000000000000000082e-05
1.009000000000000000e+04 1.000000000000000082e-05
1.010000000000000000e+04 1.000000000000000082e-05
1.011000000000000000e+04 1.000000000000000082e-05
1.012000000000000000e+04 1.000000000000000082e-05
1.013000000000000000e+04 1.000000000000000082e-05
1.014000000000000000e+04 2.000000000000000164e-05
1.015000000000000000e+04 2.000000000000000164e-05
1.016000000000000000e+04 2.000000000000000164e-05
1.017000000000000000e+04 2.000000000000000164e-05
1.018000000000000000e+04 2.000000000000000164e-05
1.019000000000000000e+04 3.000000000000000076e-05
1.020000000000000000e+04 3.000000000000000076e-05
1.021000000000000000e+04 3.000000000000000076e-05
1.022000000000000000e+04 4.000000000000000327e-05
1.023000000000000000e+04 5.000000000000000240e-05
1.024000000000000000e+04 6.000000000000000152e-05
1.025000000000000000e+04 6.999999999999999387e-05
1.026000000000000000e+04 9.000000000000000567e-05
1.027000000000000000e+04 1.200000000000000030e-04
1.028000000000000000e+04 1.499999999999999869e-04
1.029000000000000000e+04 2.000000000000000096e-04
1.030000000000000000e+04 2.599999999999999772e-04
1.031000000000000000e+04 3.400000000000000244e-04
1.032000000000000000e+04 4.600000000000000139e-04
1.033000000000000000e+04 5.999999999999999474e-04
1.034000000000000000e+04 7.799999999999999859e-04
1.035000000000000000e+04 9.899999999999999946e-04
1.036000000000000000e+04 1.199999999999999895e-03
1.037000000000000000e+04 1.399999999999999986e-03
1.038000000000000000e+04 1.549999999999999946e-03
1.039000000000000000e+04 1.639999999999999965e-03
1.040000000000000000e+04 1.639999999999999965e-03
1.041000000000000000e+04 1.569999999999999998e-03
1.042000000000000000e+04 1.420000000000000038e-03
1.043000000000000000e+04 1.250000000000000026e-03
1.044000000000000000e+04 1.059999999999999961e-03
1.045000000000000000e+04 8.899999999999999491e-04
1.046000000000000000e+04 7.600000000000000418e-04
1.047000000000000000e+04 6.599999999999999964e-04
1.048000000000000000e+04 5.900000000000000296e-04
1.049000000000000000e+04 5.599999999999999509e-04
1.050000000000000000e+04 5.699999999999999772e-04
1.051000000000000000e+04 6.199999999999999999e-04
1.052000000000000000e+04 7.100000000000000191e-04
1.053000000000000000e+04 8.400000000000000348e-04
1.054000000000000000e+04 9.399999999999999719e-04
1.055000000000000000e+04 9.499999999999999981e-04
1.056000000000000000e+04 8.800000000000000313e-04
1.057000000000000000e+04 8.300000000000000086e-04
1.058000000000000000e+04 8.400000000000000348e-04
1.059000000000000000e+04 8.999999999999999754e-04
1.060000000000000000e+04 1.020000000000000073e-03
1.061000000000000000e+04 1.160000000000000007e-03
1.062000000000000000e+04 1.319999999999999993e-03
1.063000000000000000e+04 1.459999999999999926e-03
1.064000000000000000e+04 1.559999999999999972e-03
1.065000000000000000e+04 1.590000000000000050e-03
1.066000000000000000e+04 1.569999999999999998e-03
1.067000000000000000e+04 1.520000000000000084e-03
1.068000000000000000e+04 1.469999999999999953e-03
1.069000000000000000e+04 1.420000000000000038e-03
1.070000000000000000e+04 1.299999999999999940e-03
1.071000000000000000e+04 1.100000000000000066e-03
1.072000000000000000e+04 8.899999999999999491e-04
1.073000000000000000e+04 7.100000000000000191e-04
1.074000000000000000e+04 5.699999999999999772e-04
1.075000000000000000e+04 4.699999999999999859e-04
1.076000000000000000e+04 4.099999999999999912e-04
1.077000000000000000e+04 3.600000000000000227e-04
1.078000000000000000e+04 3.400000000000000244e-04
1.079000000000000000e+04 3.299999999999999982e-04
1.080000000000000000e+04 3.299999999999999982e-04
1.081000000000000000e+04 3.400000000000000244e-04
1.082000000000000000e+04 3.600000000000000227e-04
1.083000000000000000e+04 4.099999999999999912e-04
1.084000000000000000e+04 4.699999999999999859e-04
1.085000000000000000e+04 5.599999999999999509e-04
1.086000000000000000e+04 6.999999999999999929e-04
1.087000000000000000e+04 8.999999999999999754e-04
1.088000000000000000e+04 1.199999999999999895e-03
1.089000000000000000e+04 1.600000000000000077e-03
1.090000000000000000e+04 2.099999999999999870e-03
1.091000000000000000e+04 2.540000000000000157e-03
1.092000000000000000e+04 2.660000000000000038e-03
1.093000000000000000e+04 2.429999999999999868e-03
1.094000000000000000e+04 2.040000000000000147e-03
1.095000000000000000e+04 1.680000000000000070e-03
1.096000000000000000e+04 1.410000000000000012e-03
1.097000000000000000e+04 1.240000000000000000e-03
1.098000000000000000e+04 1.149999999999999981e-03
1.099000000000000000e+04 1.139999999999999954e-03
1.100000000000000000e+04 1.219999999999999947e-03
1.101000000000000000e+04 1.389999999999999960e-03
1.102000000000000000e+04 1.569999999999999998e-03
1.103000000000000000e+04 1.639999999999999965e-03
1.104000000000000000e+04 1.539999999999999919e-03
1.105000000000000000e+04 1.360000000000000098e-03
1.106000000000000000e+04 1.199999999999999895e-03
1.107000000000000000e+04 1.110000000000000092e-03
1.108000000000000000e+04 1.069999999999999988e-03
1.109000000000000000e+04 1.080000000000000014e-03
1.110000000000000000e+04 1.160000000000000007e-03
1.111000000000000000e+04 1.299999999999999940e-03
1.112000000000000000e+04 1.539999999999999919e-03
1.113000000000000000e+04 1.879999999999999944e-03
1.114000000000000000e+04 2.330000000000000040e-03
1.115000000000000000e+04 2.759999999999999867e-03
1.116000000000000000e+04 2.990000000000000036e-03
1.117000000000000000e+04 3.000000000000000062e-03
1.118000000000000000e+04 2.959999999999999958e-03
1.119000000000000000e+04 2.929999999999999879e-03
1.120000000000000000e+04 2.779999999999999919e-03
1.121000000000000000e+04 2.459999999999999947e-03
1.122000000000000000e+04 2.079999999999999818e-03
1.123000000000000000e+04 1.760000000000000063e-03
1.124000000000000000e+04 1.510000000000000057e-03
1.125000000000000000e+04 1.330000000000000019e-03
1.126000000000000000e+04 1.190000000000000085e-03
1.127000000000000000e+04 1.090000000000000040e-03
1.128000000000000000e+04 1.010000000000000047e-03
1.129000000000000000e+04 9.499999999999999981e-04
1.130000000000000000e+04 8.999999999999999754e-04
1.131000000000000000e+04 8.599999999999999789e-04
1.132000000000000000e+04 8.300000000000000086e-04
1.133000000000000000e+04 8.099999999999999561e-04
1.134000000000000000e+04 7.900000000000000121e-04
1.135000000000000000e+04 7.699999999999999597e-04
1.136000000000000000e+04 7.600000000000000418e-04
1.137000000000000000e+04 7.600000000000000418e-04
1.138000000000000000e+04 7.500000000000000156e-04
1.139000000000000000e+04 7.500000000000000156e-04
1.140000000000000000e+04 7.500000000000000156e-04
1.141000000000000000e+04 7.500000000000000156e-04
1.142000000000000000e+04 7.500000000000000156e-04
1.143000000000000000e+04 7.500000000000000156e-04
1.144000000000000000e+04 7.600000000000000418e-04
1.145000000000000000e+04 7.600000000000000418e-04
1.146000000000000000e+04 7.699999999999999597e-04
1.147000000000000000e+04 7.799999999999999859e-04
1.148000000000000000e+04 7.900000000000000121e-04
1.149000000000000000e+04 8.099999999999999561e-04
1.150000000000000000e+04 8.400000000000000348e-04
1.151000000000000000e+04 8.700000000000000051e-04
1.152000000000000000e+04 9.100000000000000016e-04
1.153000000000000000e+04 9.600000000000000243e-04
1.154000000000000000e+04 1.030000000000000100e-03
1.155000000000000000e+04 1.110000000000000092e-03
1.156000000000000000e+04 1.219999999999999947e-03
1.157000000000000000e+04 1.350000000000000071e-03
1.158000000000000000e+04 1.520000000000000084e-03
1.159000000000000000e+04 1.729999999999999984e-03
1.160000000000000000e+04 1.979999999999999989e-03
1.161000000000000000e+04 2.289999999999999935e-03
1.162000000000000000e+04 2.629999999999999959e-03
1.163000000000000000e+04 2.990000000000000036e-03
1.164000000000000000e+04 3.340000000000000087e-03
1.165000000000000000e+04 3.609999999999999928e-03
1.166000000000000000e+04 3.769999999999999914e-03
1.167000000000000000e+04 3.799999999999999992e-03
1.168000000000000000e+04 3.720000000000000216e-03
1.169000000000000000e+04 3.599999999999999901e-03
1.170000000000000000e+04 3.469999999999999994e-03
1.171000000000000000e+04 3.389999999999999784e-03
1.172000000000000000e+04 3.350000000000000113e-03
1.173000000000000000e+04 3.360000000000000139e-03
1.174000000000000000e+04 3.399999999999999811e-03
1.175000000000000000e+04 3.419999999999999863e-03
1.176000000000000000e+04 3.399999999999999811e-03
1.177000000000000000e+04 3.310000000000000008e-03
1.178000000000000000e+04 3.180000000000000101e-03
1.179000000000000000e+04 3.050000000000000194e-03
1.180000000000000000e+04 2.939999999999999905e-03
1.181000000000000000e+04 2.880000000000000181e-03
1.182000000000000000e+04 2.870000000000000155e-03
1.183000000000000000e+04 2.919999999999999853e-03
1.184000000000000000e+04 3.040000000000000167e-03
1.185000000000000000e+04 3.229999999999999798e-03
1.186000000000000000e+04 3.490000000000000047e-03
1.187000000000000000e+04 3.820000000000000045e-03
1.188000000000000000e+04 4.199999999999999740e-03
1.189000000000000000e+04 4.599999999999999922e-03
1.190000000000000000e+04 4.980000000000000052e-03
1.191000000000000000e+04 5.300000000000000024e-03
1.192000000000000000e+04 5.510000000000000141e-03
1.193000000000000000e+04 5.610000000000000403e-03
1.194000000000000000e+04 5.590000000000000351e-03
1.195000000000000000e+04 5.459999999999999576e-03
1.196000000000000000e+04 5.259999999999999919e-03
1.197000000000000000e+04 5.020000000000000157e-03
1.198000000000000000e+04 4.789999999999999987e-03
1.199000000000000000e+04 4.590000000000000330e-03
1.200000000000000000e+04 4.440000000000000370e-03
