3.000000000000000000e+03 9.677000000000000046e-01
3.010000000000000000e+03 9.670199999999999907e-01
3.020000000000000000e+03 9.665000000000000258e-01
3.030000000000000000e+03 9.661499999999999533e-01
3.040000000000000000e+03 9.659699999999999953e-01
3.050000000000000000e+03 9.659499999999999753e-01
3.060000000000000000e+03 9.660800000000000498e-01
3.070000000000000000e+03 9.663500000000000423e-01
3.080000000000000000e+03 9.667400000000000437e-01
3.090000000000000000e+03 9.672399999999999887e-01
3.100000000000000000e+03 9.678400000000000336e-01
3.110000000000000000e+03 9.685000000000000275e-01
3.120000000000000000e+03 9.692300000000000360e-01
3.130000000000000000e+03 9.699999999999999734e-01
3.140000000000000000e+03 9.707900000000000418e-01
3.150000000000000000e+03 9.715899999999999537e-01
3.160000000000000000e+03 9.723899999999999766e-01
3.170000000000000000e+03 9.731699999999999795e-01
3.180000000000000000e+03 9.739299999999999624e-01
3.190000000000000000e+03 9.746299999999999963e-01
3.200000000000000000e+03 9.752899999999999903e-01
3.210000000000000000e+03 9.758900000000000352e-01
3.220000000000000000e+03 9.764199999999999546e-01
3.230000000000000000e+03 9.768799999999999706e-01
3.240000000000000000e+03 9.772699999999999720e-01
3.250000000000000000e+03 9.775700000000000500e-01
3.260000000000000000e+03 9.778000000000000025e-01
3.270000000000000000e+03 9.779400000000000315e-01
3.280000000000000000e+03 9.780100000000000460e-01
3.290000000000000000e+03 9.779999999999999805e-01
3.300000000000000000e+03 9.779099999999999460e-01
3.310000000000000000e+03 9.777599999999999625e-01
3.320000000000000000e+03 9.775399999999999645e-01
3.330000000000000000e+03 9.772600000000000176e-01
3.340000000000000000e+03 9.769299999999999651e-01
3.350000000000000000e+03 9.765500000000000291e-01
3.360000000000000000e+03 9.761199999999999877e-01
3.370000000000000000e+03 9.756599999999999717e-01
3.380000000000000000e+03 9.751699999999999813e-01
3.390000000000000000e+03 9.746599999999999708e-01
3.400000000000000000e+03 9.741300000000000514e-01
3.410000000000000000e+03 9.735899999999999554e-01
3.420000000000000000e+03 9.730499999999999705e-01
3.430000000000000000e+03 9.725099999999999856e-01
3.440000000000000000e+03 9.719700000000000006e-01
3.450000000000000000e+03 9.714500000000000357e-01
3.460000000000000000e+03 9.709400000000000253e-01
3.470000000000000000e+03 9.704599999999999893e-01
3.480000000000000000e+03 9.700100000000000389e-01
3.490000000000000000e+03 9.695799999999999974e-01
3.500000000000000000e+03 9.691800000000000415e-01
3.510000000000000000e+03 9.688200000000000145e-01
3.520000000000000000e+03 9.685000000000000275e-01
3.530000000000000000e+03 9.682199999999999696e-01
3.540000000000000000e+03 9.679699999999999971e-01
3.550000000000000000e+03 9.677700000000000191e-01
3.560000000000000000e+03 9.676099999999999701e-01
3.570000000000000000e+03 9.674899999999999611e-01
3.580000000000000000e+03 9.674199999999999466e-01
3.590000000000000000e+03 9.673800000000000177e-01
3.600000000000000000e+03 9.673899999999999721e-01
3.610000000000000000e+03 9.674399999999999666e-01
3.620000000000000000e+03 9.675200000000000466e-01
3.630000000000000000e+03 9.676399999999999446e-01
3.640000000000000000e+03 9.677900000000000391e-01
3.650000000000000000e+03 9.679799999999999516e-01
3.660000000000000000e+03 9.681899999999999951e-01
3.670000000000000000e+03 9.684300000000000130e-01
3.680000000000000000e+03 9.687000000000000055e-01
3.690000000000000000e+03 9.689900000000000180e-01
3.700000000000000000e+03 9.693000000000000504e-01
3.710000000000000000e+03 9.696200000000000374e-01
3.720000000000000000e+03 9.699600000000000444e-01
3.730000000000000000e+03 9.703100000000000058e-01
3.740000000000000000e+03 9.706700000000000328e-01
3.750000000000000000e+03 9.710400000000000142e-01
3.760000000000000000e+03 9.714099999999999957e-01
3.770000000000000000e+03 9.717799999999999772e-01
3.780000000000000000e+03 9.721499999999999586e-01
3.790000000000000000e+03 9.725099999999999856e-01
3.800000000000000000e+03 9.728700000000000125e-01
3.810000000000000000e+03 9.732199999999999740e-01
3.820000000000000000e+03 9.735599999999999810e-01
3.830000000000000000e+03 9.738900000000000334e-01
3.840000000000000000e+03 9.741999999999999549e-01
3.850000000000000000e+03 9.744899999999999674e-01
3.860000000000000000e+03 9.747700000000000253e-01
3.870000000000000000e+03 9.750299999999999523e-01
3.880000000000000000e+03 9.752699999999999703e-01
3.890000000000000000e+03 9.754800000000000137e-01
3.900000000000000000e+03 9.756799999999999917e-01
3.910000000000000000e+03 9.758499999999999952e-01
3.920000000000000000e+03 9.759999999999999787e-01
3.930000000000000000e+03 9.761199999999999877e-01
3.940000000000000000e+03 9.762100000000000222e-01
3.950000000000000000e+03 9.762899999999999912e-01
3.960000000000000000e+03 9.763399999999999856e-01
3.970000000000000000e+03 9.763600000000000056e-01
3.980000000000000000e+03 9.763600000000000056e-01
3.990000000000000000e+03 9.763300000000000312e-01
4.000000000000000000e+03 9.762800000000000367e-01
4.010000000000000000e+03 9.762100000000000222e-01
4.020000000000000000e+03 9.761199999999999877e-01
4.030000000000000000e+03 9.759999999999999787e-01
4.040000000000000000e+03 9.758700000000000152e-01
4.050000000000000000e+03 9.757099999999999662e-01
4.060000000000000000e+03 9.755399999999999627e-01
4.070000000000000000e+03 9.753500000000000503e-01
4.080000000000000000e+03 9.751400000000000068e-01
4.090000000000000000e+03 9.749200000000000088e-01
4.100000000000000000e+03 9.746899999999999453e-01
4.110000000000000000e+03 9.744399999999999729e-01
4.120000000000000000e+03 9.741800000000000459e-01
4.130000000000000000e+03 9.739200000000000079e-01
4.140000000000000000e+03 9.736399999999999499e-01
4.150000000000000000e+03 9.733600000000000030e-01
4.160000000000000000e+03 9.730699999999999905e-01
4.170000000000000000e+03 9.727799999999999780e-01
4.180000000000000000e+03 9.724899999999999656e-01
4.190000000000000000e+03 9.721899999999999986e-01
4.200000000000000000e+03 9.718900000000000317e-01
4.210000000000000000e+03 9.715899999999999537e-01
4.220000000000000000e+03 9.713000000000000522e-01
4.230000000000000000e+03 9.709999999999999742e-01
4.240000000000000000e+03 9.707200000000000273e-01
4.250000000000000000e+03 9.704300000000000148e-01
4.260000000000000000e+03 9.701499999999999568e-01
4.270000000000000000e+03 9.698799999999999644e-01
4.280000000000000000e+03 9.696200000000000374e-01
4.290000000000000000e+03 9.693599999999999994e-01
4.300000000000000000e+03 9.691100000000000270e-01
4.310000000000000000e+03 9.688799999999999635e-01
4.320000000000000000e+03 9.686500000000000110e-01
4.330000000000000000e+03 9.684399999999999675e-01
4.340000000000000000e+03 9.682399999999999896e-01
4.350000000000000000e+03 9.680499999999999661e-01
4.360000000000000000e+03 9.678700000000000081e-01
4.370000000000000000e+03 9.677099999999999591e-01
4.380000000000000000e+03 9.675599999999999756e-01
4.390000000000000000e+03 9.674300000000000122e-01
4.400000000000000000e+03 9.673100000000000032e-01
4.410000000000000000e+03 9.672100000000000142e-01
4.420000000000000000e+03 9.671199999999999797e-01
4.430000000000000000e+03 9.670400000000000107e-01
4.440000000000000000e+03 9.669799999999999507e-01
4.450000000000000000e+03 9.669299999999999562e-01
4.460000000000000000e+03 9.668999999999999817e-01
4.470000000000000000e+03 9.668900000000000272e-01
4.480000000000000000e+03 9.668799999999999617e-01
4.490000000000000000e+03 9.668900000000000272e-01
4.500000000000000000e+03 9.669200000000000017e-01
4.510000000000000000e+03 9.669600000000000417e-01
4.520000000000000000e+03 9.670100000000000362e-01
4.530000000000000000e+03 9.670699999999999852e-01
4.540000000000000000e+03 9.671499999999999542e-01
4.550000000000000000e+03 9.672399999999999887e-01
4.560000000000000000e+03 9.673399999999999777e-01
4.570000000000000000e+03 9.674500000000000322e-01
4.580000000000000000e+03 9.675799999999999956e-01
4.590000000000000000e+03 9.677099999999999591e-01
4.600000000000000000e+03 9.678600000000000536e-01
4.610000000000000000e+03 9.680100000000000371e-01
4.620000000000000000e+03 9.681699999999999751e-01
4.630000000000000000e+03 9.683500000000000441e-01
4.640000000000000000e+03 9.685300000000000020e-01
4.650000000000000000e+03 9.687099999999999600e-01
4.660000000000000000e+03 9.689100000000000490e-01
4.670000000000000000e+03 9.691100000000000270e-01
4.680000000000000000e+03 9.693100000000000049e-01
4.690000000000000000e+03 9.695300000000000029e-01
4.700000000000000000e+03 9.697400000000000464e-01
4.710000000000000000e+03 9.699600000000000444e-01
4.720000000000000000e+03 9.701899999999999968e-01
4.730000000000000000e+03 9.704099999999999948e-01
4.740000000000000000e+03 9.706399999999999473e-01
4.750000000000000000e+03 9.708700000000000108e-01
4.760000000000000000e+03 9.710999999999999632e-01
4.770000000000000000e+03 9.713399999999999812e-01
4.780000000000000000e+03 9.715700000000000447e-01
4.790000000000000000e+03 9.717999999999999972e-01
4.800000000000000000e+03 9.720400000000000151e-01
4.810000000000000000e+03 9.722699999999999676e-01
4.820000000000000000e+03 9.725000000000000311e-01
4.830000000000000000e+03 9.727200000000000291e-01
4.840000000000000000e+03 9.729499999999999815e-01
4.850000000000000000e+03 9.731699999999999795e-01
4.860000000000000000e+03 9.733899999999999775e-01
4.870000000000000000e+03 9.736000000000000210e-01
4.880000000000000000e+03 9.738099999999999534e-01
4.890000000000000000e+03 9.740199999999999969e-01
4.900000000000000000e+03 9.742199999999999749e-01
4.910000000000000000e+03 9.744099999999999984e-01
4.920000000000000000e+03 9.746000000000000218e-01
4.930000000000000000e+03 9.747799999999999798e-01
4.940000000000000000e+03 9.749600000000000488e-01
4.950000000000000000e+03 9.751300000000000523e-01
4.960000000000000000e+03 9.752899999999999903e-01
4.970000000000000000e+03 9.754500000000000393e-01
4.980000000000000000e+03 9.756000000000000227e-01
4.990000000000000000e+03 9.757500000000000062e-01
5.000000000000000000e+03 9.758799999999999697e-01
5.010000000000000000e+03 9.760100000000000442e-01
5.020000000000000000e+03 9.761300000000000532e-01
5.030000000000000000e+03 9.762499999999999512e-01
5.040000000000000000e+03 9.763500000000000512e-01
5.050000000000000000e+03 9.764500000000000401e-01
5.060000000000000000e+03 9.765399999999999636e-01
5.070000000000000000e+03 9.766299999999999981e-01
5.080000000000000000e+03 9.767000000000000126e-01
5.090000000000000000e+03 9.767700000000000271e-01
5.100000000000000000e+03 9.768299999999999761e-01
5.110000000000000000e+03 9.768799999999999706e-01
5.120000000000000000e+03 9.769200000000000106e-01
5.130000000000000000e+03 9.769600000000000506e-01
5.140000000000000000e+03 9.769900000000000251e-01
5.150000000000000000e+03 9.770100000000000451e-01
5.160000000000000000e+03 9.770199999999999996e-01
5.170000000000000000e+03 9.770299999999999541e-01
5.180000000000000000e+03 9.770299999999999541e-01
5.190000000000000000e+03 9.770199999999999996e-01
5.200000000000000000e+03 9.770100000000000451e-01
5.210000000000000000e+03 9.769799999999999596e-01
5.220000000000000000e+03 9.769600000000000506e-01
5.230000000000000000e+03 9.769200000000000106e-01
5.240000000000000000e+03 9.768799999999999706e-01
5.250000000000000000e+03 9.768400000000000416e-01
5.260000000000000000e+03 9.767900000000000471e-01
5.270000000000000000e+03 9.767299999999999871e-01
5.280000000000000000e+03 9.766700000000000381e-01
5.290000000000000000e+03 9.766000000000000236e-01
5.300000000000000000e+03 9.765300000000000091e-01
5.310000000000000000e+03 9.764500000000000401e-01
5.320000000000000000e+03 9.763699999999999601e-01
5.330000000000000000e+03 9.762800000000000367e-01
5.340000000000000000e+03 9.761900000000000022e-01
5.350000000000000000e+03 9.760999999999999677e-01
5.360000000000000000e+03 9.759999999999999787e-01
5.370000000000000000e+03 9.758999999999999897e-01
5.380000000000000000e+03 9.758000000000000007e-01
5.390000000000000000e+03 9.756899999999999462e-01
5.400000000000000000e+03 9.755800000000000027e-01
5.410000000000000000e+03 9.754699999999999482e-01
5.420000000000000000e+03 9.753600000000000048e-01
5.430000000000000000e+03 9.752399999999999958e-01
5.440000000000000000e+03 9.751300000000000523e-01
5.450000000000000000e+03 9.750100000000000433e-01
5.460000000000000000e+03 9.748900000000000343e-01
5.470000000000000000e+03 9.747700000000000253e-01
5.480000000000000000e+03 9.746500000000000163e-01
5.490000000000000000e+03 9.745200000000000529e-01
5.500000000000000000e+03 9.744000000000000439e-01
5.510000000000000000e+03 9.742800000000000349e-01
5.520000000000000000e+03 9.741600000000000259e-01
5.530000000000000000e+03 9.740400000000000169e-01
5.540000000000000000e+03 9.739200000000000079e-01
5.550000000000000000e+03 9.737999999999999989e-01
5.560000000000000000e+03 9.736799999999999899e-01
5.570000000000000000e+03 9.735599999999999810e-01
5.580000000000000000e+03 9.734399999999999720e-01
5.590000000000000000e+03 9.733199999999999630e-01
5.600000000000000000e+03 9.732100000000000195e-01
5.610000000000000000e+03 9.730999999999999650e-01
5.620000000000000000e+03 9.729900000000000215e-01
5.630000000000000000e+03 9.728799999999999670e-01
5.640000000000000000e+03 9.727700000000000236e-01
5.650000000000000000e+03 9.726700000000000346e-01
5.660000000000000000e+03 9.725700000000000456e-01
5.670000000000000000e+03 9.724699999999999456e-01
5.680000000000000000e+03 9.723699999999999566e-01
5.690000000000000000e+03 9.722800000000000331e-01
5.700000000000000000e+03 9.721899999999999986e-01
5.710000000000000000e+03 9.721100000000000296e-01
5.720000000000000000e+03 9.720199999999999951e-01
5.730000000000000000e+03 9.719400000000000261e-01
5.740000000000000000e+03 9.718700000000000117e-01
5.750000000000000000e+03 9.717900000000000427e-01
5.760000000000000000e+03 9.717200000000000282e-01
5.770000000000000000e+03 9.716599999999999682e-01
5.780000000000000000e+03 9.715899999999999537e-01
5.790000000000000000e+03 9.715399999999999592e-01
5.800000000000000000e+03 9.714800000000000102e-01
5.810000000000000000e+03 9.714300000000000157e-01
5.820000000000000000e+03 9.713800000000000212e-01
5.830000000000000000e+03 9.713399999999999812e-01
5.840000000000000000e+03 9.713000000000000522e-01
5.850000000000000000e+03 9.712699999999999667e-01
5.860000000000000000e+03 9.712300000000000377e-01
5.870000000000000000e+03 9.712100000000000177e-01
5.880000000000000000e+03 9.711699999999999777e-01
5.890000000000000000e+03 9.711199999999999832e-01
5.900000000000000000e+03 9.710999999999999632e-01
5.910000000000000000e+03 9.710900000000000087e-01
5.920000000000000000e+03 9.710800000000000542e-01
5.930000000000000000e+03 9.710800000000000542e-01
5.940000000000000000e+03 9.710800000000000542e-01
5.950000000000000000e+03 9.710900000000000087e-01
5.960000000000000000e+03 9.710999999999999632e-01
5.970000000000000000e+03 9.711100000000000287e-01
5.980000000000000000e+03 9.711300000000000487e-01
5.990000000000000000e+03 9.711600000000000232e-01
6.000000000000000000e+03 9.711800000000000432e-01
6.010000000000000000e+03 9.712100000000000177e-01
6.020000000000000000e+03 9.712499999999999467e-01
6.030000000000000000e+03 9.712800000000000322e-01
6.040000000000000000e+03 9.713199999999999612e-01
6.050000000000000000e+03 9.713699999999999557e-01
6.060000000000000000e+03 9.714199999999999502e-01
6.070000000000000000e+03 9.714699999999999447e-01
6.080000000000000000e+03 9.715200000000000502e-01
6.090000000000000000e+03 9.715799999999999992e-01
6.100000000000000000e+03 9.716399999999999482e-01
6.110000000000000000e+03 9.717099999999999627e-01
6.120000000000000000e+03 9.717799999999999772e-01
6.130000000000000000e+03 9.718499999999999917e-01
6.140000000000000000e+03 9.719200000000000061e-01
6.150000000000000000e+03 9.719999999999999751e-01
6.160000000000000000e+03 9.720800000000000551e-01
6.170000000000000000e+03 9.721600000000000241e-01
6.180000000000000000e+03 9.722399999999999931e-01
6.190000000000000000e+03 9.723300000000000276e-01
6.200000000000000000e+03 9.724199999999999511e-01
6.210000000000000000e+03 9.725099999999999856e-01
6.220000000000000000e+03 9.726000000000000201e-01
6.230000000000000000e+03 9.727000000000000091e-01
6.240000000000000000e+03 9.727999999999999980e-01
6.250000000000000000e+03 9.728999999999999870e-01
6.260000000000000000e+03 9.729999999999999760e-01
6.270000000000000000e+03 9.730999999999999650e-01
6.280000000000000000e+03 9.732100000000000195e-01
6.290000000000000000e+03 9.733199999999999630e-01
6.300000000000000000e+03 9.734300000000000175e-01
6.310000000000000000e+03 9.735399999999999610e-01
6.320000000000000000e+03 9.736500000000000155e-01
6.330000000000000000e+03 9.737599999999999589e-01
6.340000000000000000e+03 9.738700000000000134e-01
6.350000000000000000e+03 9.739799999999999569e-01
6.360000000000000000e+03 9.740900000000000114e-01
6.370000000000000000e+03 9.741999999999999549e-01
6.380000000000000000e+03 9.743199999999999639e-01
6.390000000000000000e+03 9.744300000000000184e-01
6.400000000000000000e+03 9.745500000000000274e-01
6.410000000000000000e+03 9.746599999999999708e-01
6.420000000000000000e+03 9.747799999999999798e-01
6.430000000000000000e+03 9.748999999999999888e-01
6.440000000000000000e+03 9.750199999999999978e-01
6.450000000000000000e+03 9.751499999999999613e-01
6.460000000000000000e+03 9.752699999999999703e-01
6.470000000000000000e+03 9.753899999999999793e-01
6.480000000000000000e+03 9.755200000000000538e-01
6.490000000000000000e+03 9.756399999999999517e-01
6.500000000000000000e+03 9.757599999999999607e-01
6.510000000000000000e+03 9.758900000000000352e-01
6.520000000000000000e+03 9.760100000000000442e-01
6.530000000000000000e+03 9.761300000000000532e-01
6.540000000000000000e+03 9.762499999999999512e-01
6.550000000000000000e+03 9.763699999999999601e-01
6.560000000000000000e+03 9.764800000000000146e-01
6.570000000000000000e+03 9.766000000000000236e-01
6.580000000000000000e+03 9.767200000000000326e-01
6.590000000000000000e+03 9.768299999999999761e-01
6.600000000000000000e+03 9.769400000000000306e-01
6.610000000000000000e+03 9.770600000000000396e-01
6.620000000000000000e+03 9.771699999999999831e-01
6.630000000000000000e+03 9.772800000000000376e-01
6.640000000000000000e+03 9.773800000000000265e-01
6.650000000000000000e+03 9.774899999999999700e-01
6.660000000000000000e+03 9.776000000000000245e-01
6.670000000000000000e+03 9.777000000000000135e-01
6.680000000000000000e+03 9.778099999999999570e-01
6.690000000000000000e+03 9.779099999999999460e-01
6.700000000000000000e+03 9.780100000000000460e-01
6.710000000000000000e+03 9.780999999999999694e-01
6.720000000000000000e+03 9.781999999999999584e-01
6.730000000000000000e+03 9.782999999999999474e-01
6.740000000000000000e+03 9.783899999999999819e-01
6.750000000000000000e+03 9.784800000000000164e-01
6.760000000000000000e+03 9.785700000000000509e-01
6.770000000000000000e+03 9.786599999999999744e-01
6.780000000000000000e+03 9.787400000000000544e-01
6.790000000000000000e+03 9.788299999999999779e-01
6.800000000000000000e+03 9.789099999999999469e-01
6.810000000000000000e+03 9.789900000000000269e-01
6.820000000000000000e+03 9.790600000000000414e-01
6.830000000000000000e+03 9.791400000000000103e-01
6.840000000000000000e+03 9.792100000000000248e-01
6.850000000000000000e+03 9.792800000000000393e-01
6.860000000000000000e+03 9.793500000000000538e-01
6.870000000000000000e+03 9.794199999999999573e-01
6.880000000000000000e+03 9.794800000000000173e-01
6.890000000000000000e+03 9.795399999999999663e-01
6.900000000000000000e+03 9.796000000000000263e-01
6.910000000000000000e+03 9.796599999999999753e-01
6.920000000000000000e+03 9.797200000000000353e-01
6.930000000000000000e+03 9.797700000000000298e-01
6.940000000000000000e+03 9.798200000000000243e-01
6.950000000000000000e+03 9.798700000000000188e-01
6.960000000000000000e+03 9.799099999999999477e-01
6.970000000000000000e+03 9.799600000000000533e-01
6.980000000000000000e+03 9.799999999999999822e-01
6.990000000000000000e+03 9.800400000000000222e-01
7.000000000000000000e+03 9.800699999999999967e-01
7.010000000000000000e+03 9.801100000000000367e-01
7.020000000000000000e+03 9.801400000000000112e-01
7.030000000000000000e+03 9.801699999999999857e-01
7.040000000000000000e+03 9.801900000000000057e-01
7.050000000000000000e+03 9.802199999999999802e-01
7.060000000000000000e+03 9.802400000000000002e-01
7.070000000000000000e+03 9.802600000000000202e-01
7.080000000000000000e+03 9.802800000000000402e-01
7.090000000000000000e+03 9.802899999999999947e-01
7.100000000000000000e+03 9.802999999999999492e-01
7.110000000000000000e+03 9.803100000000000147e-01
7.120000000000000000e+03 9.803199999999999692e-01
7.130000000000000000e+03 9.803300000000000347e-01
7.140000000000000000e+03 9.803300000000000347e-01
7.150000000000000000e+03 9.803300000000000347e-01
7.160000000000000000e+03 9.803300000000000347e-01
7.170000000000000000e+03 9.803300000000000347e-01
7.180000000000000000e+03 9.803199999999999692e-01
7.190000000000000000e+03 9.803199999999999692e-01
7.200000000000000000e+03 9.803100000000000147e-01
7.210000000000000000e+03 9.802899999999999947e-01
7.220000000000000000e+03 9.802800000000000402e-01
7.230000000000000000e+03 9.802699999999999747e-01
7.240000000000000000e+03 9.802499999999999547e-01
7.250000000000000000e+03 9.802300000000000457e-01
7.260000000000000000e+03 9.802100000000000257e-01
7.270000000000000000e+03 9.801800000000000512e-01
7.280000000000000000e+03 9.801600000000000312e-01
7.290000000000000000e+03 9.801299999999999457e-01
7.300000000000000000e+03 9.800999999999999712e-01
7.310000000000000000e+03 9.800699999999999967e-01
7.320000000000000000e+03 9.800400000000000222e-01
7.330000000000000000e+03 9.799999999999999822e-01
7.340000000000000000e+03 9.799700000000000077e-01
7.350000000000000000e+03 9.799299999999999677e-01
7.360000000000000000e+03 9.798900000000000388e-01
7.370000000000000000e+03 9.798499999999999988e-01
7.380000000000000000e+03 9.798099999999999588e-01
7.390000000000000000e+03 9.797599999999999643e-01
7.400000000000000000e+03 9.797200000000000353e-01
7.410000000000000000e+03 9.796700000000000408e-01
7.420000000000000000e+03 9.796200000000000463e-01
7.430000000000000000e+03 9.795700000000000518e-01
7.440000000000000000e+03 9.795199999999999463e-01
7.450000000000000000e+03 9.794699999999999518e-01
7.460000000000000000e+03 9.794100000000000028e-01
7.470000000000000000e+03 9.793600000000000083e-01
7.480000000000000000e+03 9.792999999999999483e-01
7.490000000000000000e+03 9.792499999999999538e-01
7.500000000000000000e+03 9.791900000000000048e-01
7.510000000000000000e+03 9.791299999999999448e-01
7.520000000000000000e+03 9.790699999999999958e-01
7.530000000000000000e+03 9.790100000000000469e-01
7.540000000000000000e+03 9.789400000000000324e-01
7.550000000000000000e+03 9.788799999999999724e-01
7.560000000000000000e+03 9.788200000000000234e-01
7.570000000000000000e+03 9.787500000000000089e-01
7.580000000000000000e+03 9.786799999999999944e-01
7.590000000000000000e+03 9.786200000000000454e-01
7.600000000000000000e+03 9.785500000000000309e-01
7.610000000000000000e+03 9.784800000000000164e-01
7.620000000000000000e+03 9.784100000000000019e-01
7.630000000000000000e+03 9.783500000000000529e-01
7.640000000000000000e+03 9.782800000000000384e-01
7.650000000000000000e+03 9.782100000000000239e-01
7.660000000000000000e+03 9.781400000000000095e-01
7.670000000000000000e+03 9.780600000000000405e-01
7.680000000000000000e+03 9.779900000000000260e-01
7.690000000000000000e+03 9.779200000000000115e-01
7.700000000000000000e+03 9.778499999999999970e-01
7.710000000000000000e+03 9.777799999999999825e-01
7.720000000000000000e+03 9.777000000000000135e-01
7.730000000000000000e+03 9.776299999999999990e-01
7.740000000000000000e+03 9.775599999999999845e-01
7.750000000000000000e+03 9.774800000000000155e-01
7.760000000000000000e+03 9.774100000000000010e-01
7.770000000000000000e+03 9.773399999999999865e-01
7.780000000000000000e+03 9.772699999999999720e-01
7.790000000000000000e+03 9.771900000000000031e-01
7.800000000000000000e+03 9.771199999999999886e-01
7.810000000000000000e+03 9.770499999999999741e-01
7.820000000000000000e+03 9.769700000000000051e-01
7.830000000000000000e+03 9.768999999999999906e-01
7.840000000000000000e+03 9.768299999999999761e-01
7.850000000000000000e+03 9.767500000000000071e-01
7.860000000000000000e+03 9.766799999999999926e-01
7.870000000000000000e+03 9.766099999999999781e-01
7.880000000000000000e+03 9.765399999999999636e-01
7.890000000000000000e+03 9.764699999999999491e-01
7.900000000000000000e+03 9.764000000000000457e-01
7.910000000000000000e+03 9.763300000000000312e-01
7.920000000000000000e+03 9.762600000000000167e-01
7.930000000000000000e+03 9.761900000000000022e-01
7.940000000000000000e+03 9.761199999999999877e-01
7.950000000000000000e+03 9.760499999999999732e-01
7.960000000000000000e+03 9.759799999999999587e-01
7.970000000000000000e+03 9.759100000000000552e-01
7.980000000000000000e+03 9.758499999999999952e-01
7.990000000000000000e+03 9.757799999999999807e-01
8.000000000000000000e+03 9.757099999999999662e-01
8.010000000000000000e+03 9.756500000000000172e-01
8.020000000000000000e+03 9.755800000000000027e-01
8.030000000000000000e+03 9.755200000000000538e-01
8.040000000000000000e+03 9.754599999999999937e-01
8.050000000000000000e+03 9.754000000000000448e-01
8.060000000000000000e+03 9.753399999999999848e-01
8.070000000000000000e+03 9.752800000000000358e-01
8.080000000000000000e+03 9.752199999999999758e-01
8.090000000000000000e+03 9.751600000000000268e-01
8.100000000000000000e+03 9.750999999999999668e-01
8.110000000000000000e+03 9.750400000000000178e-01
8.120000000000000000e+03 9.749900000000000233e-01
8.130000000000000000e+03 9.749299999999999633e-01
8.140000000000000000e+03 9.748799999999999688e-01
8.150000000000000000e+03 9.748299999999999743e-01
8.160000000000000000e+03 9.747799999999999798e-01
8.170000000000000000e+03 9.747299999999999853e-01
8.180000000000000000e+03 9.746799999999999908e-01
8.190000000000000000e+03 9.746299999999999963e-01
8.200000000000000000e+03 9.745800000000000018e-01
8.210000000000000000e+03 9.745300000000000074e-01
8.220000000000000000e+03 9.744899999999999674e-01
8.230000000000000000e+03 9.744500000000000384e-01
8.240000000000000000e+03 9.744000000000000439e-01
8.250000000000000000e+03 9.743600000000000039e-01
8.260000000000000000e+03 9.743199999999999639e-01
8.270000000000000000e+03 9.742800000000000349e-01
8.280000000000000000e+03 9.742399999999999949e-01
8.290000000000000000e+03 9.742100000000000204e-01
8.300000000000000000e+03 9.741699999999999804e-01
8.310000000000000000e+03 9.741400000000000059e-01
8.320000000000000000e+03 9.740999999999999659e-01
8.330000000000000000e+03 9.740699999999999914e-01
8.340000000000000000e+03 9.740400000000000169e-01
8.350000000000000000e+03 9.740100000000000424e-01
8.360000000000000000e+03 9.739900000000000224e-01
8.370000000000000000e+03 9.739600000000000479e-01
8.380000000000000000e+03 9.739299999999999624e-01
8.390000000000000000e+03 9.739100000000000534e-01
8.400000000000000000e+03 9.738900000000000334e-01
8.410000000000000000e+03 9.738700000000000134e-01
8.420000000000000000e+03 9.738499999999999934e-01
8.430000000000000000e+03 9.738299999999999734e-01
8.440000000000000000e+03 9.738099999999999534e-01
8.450000000000000000e+03 9.737900000000000444e-01
8.460000000000000000e+03 9.737799999999999789e-01
8.470000000000000000e+03 9.737700000000000244e-01
8.480000000000000000e+03 9.737599999999999589e-01
8.490000000000000000e+03 9.737500000000000044e-01
8.500000000000000000e+03 9.737400000000000500e-01
8.510000000000000000e+03 9.737299999999999844e-01
8.520000000000000000e+03 9.737200000000000299e-01
8.530000000000000000e+03 9.737200000000000299e-01
8.540000000000000000e+03 9.737200000000000299e-01
8.550000000000000000e+03 9.737099999999999644e-01
8.560000000000000000e+03 9.737099999999999644e-01
8.570000000000000000e+03 9.737099999999999644e-01
8.580000000000000000e+03 9.737200000000000299e-01
8.590000000000000000e+03 9.737200000000000299e-01
8.600000000000000000e+03 9.737299999999999844e-01
8.610000000000000000e+03 9.737299999999999844e-01
8.620000000000000000e+03 9.737400000000000500e-01
8.630000000000000000e+03 9.737500000000000044e-01
8.640000000000000000e+03 9.737599999999999589e-01
8.650000000000000000e+03 9.737700000000000244e-01
8.660000000000000000e+03 9.737900000000000444e-01
8.670000000000000000e+03 9.737999999999999989e-01
8.680000000000000000e+03 9.738200000000000189e-01
8.690000000000000000e+03 9.738299999999999734e-01
8.700000000000000000e+03 9.738499999999999934e-01
8.710000000000000000e+03 9.738700000000000134e-01
8.720000000000000000e+03 9.738999999999999879e-01
8.730000000000000000e+03 9.739200000000000079e-01
8.740000000000000000e+03 9.739400000000000279e-01
8.750000000000000000e+03 9.739700000000000024e-01
8.760000000000000000e+03 9.739900000000000224e-01
8.770000000000000000e+03 9.740199999999999969e-01
8.780000000000000000e+03 9.740499999999999714e-01
8.790000000000000000e+03 9.740799999999999459e-01
8.800000000000000000e+03 9.741100000000000314e-01
8.810000000000000000e+03 9.741499999999999604e-01
8.820000000000000000e+03 9.741800000000000459e-01
8.830000000000000000e+03 9.742199999999999749e-01
8.840000000000000000e+03 9.742499999999999494e-01
8.850000000000000000e+03 9.742899999999999894e-01
8.860000000000000000e+03 9.743300000000000294e-01
8.870000000000000000e+03 9.743699999999999584e-01
8.880000000000000000e+03 9.744099999999999984e-01
8.890000000000000000e+03 9.744599999999999929e-01
8.900000000000000000e+03 9.745000000000000329e-01
8.910000000000000000e+03 9.745500000000000274e-01
8.920000000000000000e+03 9.745899999999999563e-01
8.930000000000000000e+03 9.746399999999999508e-01
8.940000000000000000e+03 9.746899999999999453e-01
8.950000000000000000e+03 9.747400000000000508e-01
8.960000000000000000e+03 9.747900000000000453e-01
8.970000000000000000e+03 9.748400000000000398e-01
8.980000000000000000e+03 9.748999999999999888e-01
8.990000000000000000e+03 9.749499999999999833e-01
9.000000000000000000e+03 9.750100000000000433e-01
9.010000000000000000e+03 9.750600000000000378e-01
9.020000000000000000e+03 9.751199999999999868e-01
9.030000000000000000e+03 9.751800000000000468e-01
9.040000000000000000e+03 9.752399999999999958e-01
9.050000000000000000e+03 9.752999999999999448e-01
9.060000000000000000e+03 9.753600000000000048e-01
9.070000000000000000e+03 9.754199999999999537e-01
9.080000000000000000e+03 9.754800000000000137e-01
9.090000000000000000e+03 9.755500000000000282e-01
9.100000000000000000e+03 9.756099999999999772e-01
9.110000000000000000e+03 9.756799999999999917e-01
9.120000000000000000e+03 9.757400000000000517e-01
9.130000000000000000e+03 9.758099999999999552e-01
9.140000000000000000e+03 9.758799999999999697e-01
9.150000000000000000e+03 9.759499999999999842e-01
9.160000000000000000e+03 9.760199999999999987e-01
9.170000000000000000e+03 9.760900000000000132e-01
9.180000000000000000e+03 9.761600000000000277e-01
9.190000000000000000e+03 9.762300000000000422e-01
9.200000000000000000e+03 9.763100000000000112e-01
9.210000000000000000e+03 9.763800000000000257e-01
9.220000000000000000e+03 9.764500000000000401e-01
9.230000000000000000e+03 9.765300000000000091e-01
9.240000000000000000e+03 9.766000000000000236e-01
9.250000000000000000e+03 9.766799999999999926e-01
9.260000000000000000e+03 9.767599999999999616e-01
9.270000000000000000e+03 9.768400000000000416e-01
9.280000000000000000e+03 9.769099999999999451e-01
9.290000000000000000e+03 9.769900000000000251e-01
9.300000000000000000e+03 9.770699999999999941e-01
9.310000000000000000e+03 9.771499999999999631e-01
9.320000000000000000e+03 9.772300000000000431e-01
9.330000000000000000e+03 9.773100000000000120e-01
9.340000000000000000e+03 9.773899999999999810e-01
9.350000000000000000e+03 9.774699999999999500e-01
9.360000000000000000e+03 9.775599999999999845e-01
9.370000000000000000e+03 9.776399999999999535e-01
9.380000000000000000e+03 9.777200000000000335e-01
9.390000000000000000e+03 9.778099999999999570e-01
9.400000000000000000e+03 9.778900000000000370e-01
9.410000000000000000e+03 9.779700000000000060e-01
9.420000000000000000e+03 9.780600000000000405e-01
9.430000000000000000e+03 9.781400000000000095e-01
9.440000000000000000e+03 9.782300000000000439e-01
9.450000000000000000e+03 9.783100000000000129e-01
9.460000000000000000e+03 9.784000000000000474e-01
9.470000000000000000e+03 9.784800000000000164e-01
9.480000000000000000e+03 9.785700000000000509e-01
9.490000000000000000e+03 9.786500000000000199e-01
9.500000000000000000e+03 9.787400000000000544e-01
9.510000000000000000e+03 9.788299999999999779e-01
9.520000000000000000e+03 9.789099999999999469e-01
9.530000000000000000e+03 9.789999999999999813e-01
9.540000000000000000e+03 9.790900000000000158e-01
9.550000000000000000e+03 9.791699999999999848e-01
9.560000000000000000e+03 9.792600000000000193e-01
9.570000000000000000e+03 9.793500000000000538e-01
9.580000000000000000e+03 9.794300000000000228e-01
9.590000000000000000e+03 9.795199999999999463e-01
9.600000000000000000e+03 9.796099999999999808e-01
9.610000000000000000e+03 9.796899999999999498e-01
9.620000000000000000e+03 9.797799999999999843e-01
9.630000000000000000e+03 9.798700000000000188e-01
9.640000000000000000e+03 9.799499999999999877e-01
9.650000000000000000e+03 9.800400000000000222e-01
9.660000000000000000e+03 9.801299999999999457e-01
9.670000000000000000e+03 9.802100000000000257e-01
9.680000000000000000e+03 9.802999999999999492e-01
9.690000000000000000e+03 9.803899999999999837e-01
9.700000000000000000e+03 9.804699999999999527e-01
9.710000000000000000e+03 9.805599999999999872e-01
9.720000000000000000e+03 9.806399999999999562e-01
9.730000000000000000e+03 9.807299999999999907e-01
9.740000000000000000e+03 9.808099999999999596e-01
9.750000000000000000e+03 9.808999999999999941e-01
9.760000000000000000e+03 9.809799999999999631e-01
9.770000000000000000e+03 9.810600000000000431e-01
9.780000000000000000e+03 9.811499999999999666e-01
9.790000000000000000e+03 9.812300000000000466e-01
9.800000000000000000e+03 9.813100000000000156e-01
9.810000000000000000e+03 9.813899999999999846e-01
9.820000000000000000e+03 9.814800000000000191e-01
9.830000000000000000e+03 9.815599999999999881e-01
9.840000000000000000e+03 9.816399999999999570e-01
9.850000000000000000e+03 9.817200000000000371e-01
9.860000000000000000e+03 9.818000000000000060e-01
9.870000000000000000e+03 9.818799999999999750e-01
9.880000000000000000e+03 9.819499999999999895e-01
9.890000000000000000e+03 9.820299999999999585e-01
9.900000000000000000e+03 9.821100000000000385e-01
9.910000000000000000e+03 9.821900000000000075e-01
9.920000000000000000e+03 9.822600000000000220e-01
9.930000000000000000e+03 9.823399999999999910e-01
9.940000000000000000e+03 9.824100000000000055e-01
9.950000000000000000e+03 9.824899999999999745e-01
9.960000000000000000e+03 9.825599999999999890e-01
9.970000000000000000e+03 9.826399999999999579e-01
9.980000000000000000e+03 9.827099999999999724e-01
9.990000000000000000e+03 9.827799999999999869e-01
1.000000000000000000e+04 9.828500000000000014e-01
1.001000000000000000e+04 9.829200000000000159e-01
1.002000000000000000e+04 9.829900000000000304e-01
1.003000000000000000e+04 9.830600000000000449e-01
1.004000000000000000e+04 9.831299999999999484e-01
1.005000000000000000e+04 9.831900000000000084e-01
1.006000000000000000e+04 9.832600000000000229e-01
1.007000000000000000e+04 9.833199999999999719e-01
1.008000000000000000e+04 9.833899999999999864e-01
1.009000000000000000e+04 9.834500000000000464e-01
1.010000000000000000e+04 9.835199999999999498e-01
1.011000000000000000e+04 9.835800000000000098e-01
1.012000000000000000e+04 9.836399999999999588e-01
1.013000000000000000e+04 9.837000000000000188e-01
1.014000000000000000e+04 9.837599999999999678e-01
1.015000000000000000e+04 9.838099999999999623e-01
1.016000000000000000e+04 9.838700000000000223e-01
1.017000000000000000e+04 9.839299999999999713e-01
1.018000000000000000e+04 9.839799999999999658e-01
1.019000000000000000e+04 9.840400000000000258e-01
1.020000000000000000e+04 9.840900000000000203e-01
1.021000000000000000e+04 9.841400000000000148e-01
1.022000000000000000e+04 9.841900000000000093e-01
1.023000000000000000e+04 9.842400000000000038e-01
1.024000000000000000e+04 9.842899999999999983e-01
1.025000000000000000e+04 9.843399999999999928e-01
1.026000000000000000e+04 9.843800000000000328e-01
1.027000000000000000e+04 9.844300000000000272e-01
1.028000000000000000e+04 9.844699999999999562e-01
1.029000000000000000e+04 9.845199999999999507e-01
1.030000000000000000e+04 9.845599999999999907e-01
1.031000000000000000e+04 9.846000000000000307e-01
1.032000000000000000e+04 9.846399999999999597e-01
1.033000000000000000e+04 9.846700000000000452e-01
1.034000000000000000e+04 9.847099999999999742e-01
1.035000000000000000e+04 9.847500000000000142e-01
1.036000000000000000e+04 9.847799999999999887e-01
1.037000000000000000e+04 9.848099999999999632e-01
1.038000000000000000e+04 9.848500000000000032e-01
1.039000000000000000e+04 9.848799999999999777e-01
1.040000000000000000e+04 9.849099999999999522e-01
1.041000000000000000e+04 9.849299999999999722e-01
1.042000000000000000e+04 9.849599999999999467e-01
1.043000000000000000e+04 9.849799999999999667e-01
1.044000000000000000e+04 9.850100000000000522e-01
1.045000000000000000e+04 9.850299999999999612e-01
1.046000000000000000e+04 9.850499999999999812e-01
1.047000000000000000e+04 9.850700000000000012e-01
1.048000000000000000e+04 9.850900000000000212e-01
1.049000000000000000e+04 9.851100000000000412e-01
1.050000000000000000e+04 9.851199999999999957e-01
1.051000000000000000e+04 9.851400000000000157e-01
1.052000000000000000e+04 9.851499999999999702e-01
1.053000000000000000e+04 9.851600000000000357e-01
1.054000000000000000e+04 9.851699999999999902e-01
1.055000000000000000e+04 9.851799999999999446e-01
1.056000000000000000e+04 9.851799999999999446e-01
1.057000000000000000e+04 9.851900000000000102e-01
1.058000000000000000e+04 9.851900000000000102e-01
1.059000000000000000e+04 9.851999999999999647e-01
1.060000000000000000e+04 9.851999999999999647e-01
1.061000000000000000e+04 9.851999999999999647e-01
1.062000000000000000e+04 9.851900000000000102e-01
1.063000000000000000e+04 9.851900000000000102e-01
1.064000000000000000e+04 9.851799999999999446e-01
1.065000000000000000e+04 9.851799999999999446e-01
1.066000000000000000e+04 9.851799999999999446e-01
1.067000000000000000e+04 9.851699999999999902e-01
1.068000000000000000e+04 9.851699999999999902e-01
1.069000000000000000e+04 9.851600000000000357e-01
1.070000000000000000e+04 9.851400000000000157e-01
1.071000000000000000e+04 9.851299999999999502e-01
1.072000000000000000e+04 9.851100000000000412e-01
1.073000000000000000e+04 9.850900000000000212e-01
1.074000000000000000e+04 9.850600000000000467e-01
1.075000000000000000e+04 9.850400000000000267e-01
1.076000000000000000e+04 9.850100000000000522e-01
1.077000000000000000e+04 9.849799999999999667e-01
1.078000000000000000e+04 9.849400000000000377e-01
1.079000000000000000e+04 9.848999999999999977e-01
1.080000000000000000e+04 9.848599999999999577e-01
1.081000000000000000e+04 9.848200000000000287e-01
1.082000000000000000e+04 9.847700000000000342e-01
1.083000000000000000e+04 9.847200000000000397e-01
1.084000000000000000e+04 9.846799999999999997e-01
1.085000000000000000e+04 9.846300000000000052e-01
1.086000000000000000e+04 9.845800000000000107e-01
1.087000000000000000e+04 9.845300000000000162e-01
1.088000000000000000e+04 9.844800000000000217e-01
1.089000000000000000e+04 9.844300000000000272e-01
1.090000000000000000e+04 9.843699999999999672e-01
1.091000000000000000e+04 9.843199999999999728e-01
1.092000000000000000e+04 9.842600000000000238e-01
1.093000000000000000e+04 9.841999999999999638e-01
1.094000000000000000e+04 9.841400000000000148e-01
1.095000000000000000e+04 9.840799999999999548e-01
1.096000000000000000e+04 9.840200000000000058e-01
1.097000000000000000e+04 9.839599999999999458e-01
1.098000000000000000e+04 9.838999999999999968e-01
1.099000000000000000e+04 9.838299999999999823e-01
1.100000000000000000e+04 9.837700000000000333e-01
1.101000000000000000e+04 9.837000000000000188e-01
1.102000000000000000e+04 9.836300000000000043e-01
1.103000000000000000e+04 9.835599999999999898e-01
1.104000000000000000e+04 9.834899999999999753e-01
1.105000000000000000e+04 9.834100000000000064e-01
1.106000000000000000e+04 9.833399999999999919e-01
1.107000000000000000e+04 9.832699999999999774e-01
1.108000000000000000e+04 9.831900000000000084e-01
1.109000000000000000e+04 9.831100000000000394e-01
1.110000000000000000e+04 9.830299999999999594e-01
1.111000000000000000e+04 9.829499999999999904e-01
1.112000000000000000e+04 9.828700000000000214e-01
1.113000000000000000e+04 9.827900000000000524e-01
1.114000000000000000e+04 9.827000000000000179e-01
1.115000000000000000e+04 9.826200000000000490e-01
1.116000000000000000e+04 9.825300000000000145e-01
1.117000000000000000e+04 9.824399999999999800e-01
1.118000000000000000e+04 9.823499999999999455e-01
1.119000000000000000e+04 9.822600000000000220e-01
1.120000000000000000e+04 9.821699999999999875e-01
1.121000000000000000e+04 9.820699999999999985e-01
1.122000000000000000e+04 9.819799999999999640e-01
1.123000000000000000e+04 9.818799999999999750e-01
1.124000000000000000e+04 9.817900000000000515e-01
1.125000000000000000e+04 9.816899999999999515e-01
1.126000000000000000e+04 9.815899999999999626e-01
1.127000000000000000e+04 9.814800000000000191e-01
1.128000000000000000e+04 9.813800000000000301e-01
1.129000000000000000e+04 9.812699999999999756e-01
1.130000000000000000e+04 9.811600000000000321e-01
1.131000000000000000e+04 9.810400000000000231e-01
1.132000000000000000e+04 9.809200000000000141e-01
1.133000000000000000e+04 9.807900000000000507e-01
1.134000000000000000e+04 9.806700000000000417e-01
1.135000000000000000e+04 9.805399999999999672e-01
1.136000000000000000e+04 9.804199999999999582e-01
1.137000000000000000e+04 9.802899999999999947e-01
1.138000000000000000e+04 9.801600000000000312e-01
1.139000000000000000e+04 9.800200000000000022e-01
1.140000000000000000e+04 9.798900000000000388e-01
1.141000000000000000e+04 9.797500000000000098e-01
1.142000000000000000e+04 9.796099999999999808e-01
1.143000000000000000e+04 9.794699999999999518e-01
1.144000000000000000e+04 9.793300000000000338e-01
1.145000000000000000e+04 9.791900000000000048e-01
1.146000000000000000e+04 9.790400000000000214e-01
1.147000000000000000e+04 9.788999999999999924e-01
1.148000000000000000e+04 9.787500000000000089e-01
1.149000000000000000e+04 9.786000000000000254e-01
1.150000000000000000e+04 9.784500000000000419e-01
1.151000000000000000e+04 9.782899999999999929e-01
1.152000000000000000e+04 9.781400000000000095e-01
1.153000000000000000e+04 9.779799999999999605e-01
1.154000000000000000e+04 9.778200000000000225e-01
1.155000000000000000e+04 9.776599999999999735e-01
1.156000000000000000e+04 9.775000000000000355e-01
1.157000000000000000e+04 9.773399999999999865e-01
1.158000000000000000e+04 9.771699999999999831e-01
1.159000000000000000e+04 9.769999999999999796e-01
1.160000000000000000e+04 9.768400000000000416e-01
1.161000000000000000e+04 9.766599999999999726e-01
1.162000000000000000e+04 9.764899999999999691e-01
1.163000000000000000e+04 9.763199999999999656e-01
1.164000000000000000e+04 9.761400000000000077e-01
1.165000000000000000e+04 9.759700000000000042e-01
1.166000000000000000e+04 9.757900000000000462e-01
1.167000000000000000e+04 9.756099999999999772e-01
1.168000000000000000e+04 9.754300000000000193e-01
1.169000000000000000e+04 9.752399999999999958e-01
1.170000000000000000e+04 9.750600000000000378e-01
1.171000000000000000e+04 9.748700000000000143e-01
1.172000000000000000e+04 9.746799999999999908e-01
1.173000000000000000e+04 9.744899999999999674e-01
1.174000000000000000e+04 9.743000000000000549e-01
1.175000000000000000e+04 9.741100000000000314e-01
1.176000000000000000e+04 9.739100000000000534e-01
1.177000000000000000e+04 9.737200000000000299e-01
1.178000000000000000e+04 9.735200000000000520e-01
1.179000000000000000e+04 9.733199999999999630e-01
1.180000000000000000e+04 9.731199999999999850e-01
1.181000000000000000e+04 9.729200000000000070e-01
1.182000000000000000e+04 9.727099999999999635e-01
1.183000000000000000e+04 9.725099999999999856e-01
1.184000000000000000e+04 9.723000000000000531e-01
1.185000000000000000e+04 9.720900000000000096e-01
1.186000000000000000e+04 9.718799999999999661e-01
1.187000000000000000e+04 9.716700000000000337e-01
1.188000000000000000e+04 9.714500000000000357e-01
1.189000000000000000e+04 9.712399999999999922e-01
1.190000000000000000e+04 9.710199999999999942e-01
1.191000000000000000e+04 9.707999999999999963e-01
1.192000000000000000e+04 9.705799999999999983e-01
1.193000000000000000e+04 9.703600000000000003e-01
1.194000000000000000e+04 9.701400000000000023e-01
1.195000000000000000e+04 9.699200000000000044e-01
1.196000000000000000e+04 9.696900000000000519e-01
1.197000000000000000e+04 9.694599999999999884e-01
1.198000000000000000e+04 9.692399999999999904e-01
1.199000000000000000e+04 9.690100000000000380e-01
1.200000000000000000e+04 9.687799999999999745e-01
