3.000000000000000000e+03 9.093700000000000117e-01
3.010000000000000000e+03 9.097699999999999676e-01
3.020000000000000000e+03 9.097699999999999676e-01
3.030000000000000000e+03 9.097699999999999676e-01
3.040000000000000000e+03 9.101700000000000346e-01
3.050000000000000000e+03 9.101700000000000346e-01
3.060000000000000000e+03 9.101700000000000346e-01
3.070000000000000000e+03 9.101700000000000346e-01
3.080000000000000000e+03 9.105699999999999905e-01
3.090000000000000000e+03 9.105699999999999905e-01
3.100000000000000000e+03 9.105699999999999905e-01
3.110000000000000000e+03 9.109800000000000120e-01
3.120000000000000000e+03 9.109800000000000120e-01
3.130000000000000000e+03 9.109800000000000120e-01
3.140000000000000000e+03 9.113799999999999679e-01
3.150000000000000000e+03 9.113799999999999679e-01
3.160000000000000000e+03 9.113799999999999679e-01
3.170000000000000000e+03 9.113799999999999679e-01
3.180000000000000000e+03 9.117800000000000349e-01
3.190000000000000000e+03 9.117800000000000349e-01
3.200000000000000000e+03 9.117800000000000349e-01
3.210000000000000000e+03 9.121799999999999908e-01
3.220000000000000000e+03 9.121799999999999908e-01
3.230000000000000000e+03 9.121799999999999908e-01
3.240000000000000000e+03 9.125799999999999468e-01
3.250000000000000000e+03 9.125799999999999468e-01
3.260000000000000000e+03 9.129800000000000137e-01
3.270000000000000000e+03 9.129800000000000137e-01
3.280000000000000000e+03 9.129800000000000137e-01
3.290000000000000000e+03 9.133799999999999697e-01
3.300000000000000000e+03 9.133799999999999697e-01
3.310000000000000000e+03 9.133799999999999697e-01
3.320000000000000000e+03 9.137800000000000367e-01
3.330000000000000000e+03 9.137800000000000367e-01
3.340000000000000000e+03 9.137800000000000367e-01
3.350000000000000000e+03 9.141799999999999926e-01
3.360000000000000000e+03 9.141799999999999926e-01
3.370000000000000000e+03 9.141799999999999926e-01
3.380000000000000000e+03 9.145799999999999486e-01
3.390000000000000000e+03 9.145799999999999486e-01
3.400000000000000000e+03 9.145799999999999486e-01
3.410000000000000000e+03 9.149800000000000155e-01
3.420000000000000000e+03 9.149800000000000155e-01
3.430000000000000000e+03 9.149800000000000155e-01
3.440000000000000000e+03 9.149800000000000155e-01
3.450000000000000000e+03 9.153700000000000170e-01
3.460000000000000000e+03 9.153700000000000170e-01
3.470000000000000000e+03 9.153700000000000170e-01
3.480000000000000000e+03 9.153700000000000170e-01
3.490000000000000000e+03 9.153700000000000170e-01
3.500000000000000000e+03 9.157699999999999729e-01
3.510000000000000000e+03 9.157699999999999729e-01
3.520000000000000000e+03 9.157699999999999729e-01
3.530000000000000000e+03 9.157699999999999729e-01
3.540000000000000000e+03 9.157699999999999729e-01
3.550000000000000000e+03 9.161700000000000399e-01
3.560000000000000000e+03 9.161700000000000399e-01
3.570000000000000000e+03 9.161700000000000399e-01
3.580000000000000000e+03 9.161700000000000399e-01
3.590000000000000000e+03 9.165699999999999958e-01
3.600000000000000000e+03 9.165699999999999958e-01
3.610000000000000000e+03 9.165699999999999958e-01
3.620000000000000000e+03 9.165699999999999958e-01
3.630000000000000000e+03 9.169599999999999973e-01
3.640000000000000000e+03 9.169599999999999973e-01
3.650000000000000000e+03 9.173599999999999532e-01
3.660000000000000000e+03 9.173599999999999532e-01
3.670000000000000000e+03 9.173599999999999532e-01
3.680000000000000000e+03 9.177499999999999547e-01
3.690000000000000000e+03 9.177499999999999547e-01
3.700000000000000000e+03 9.177499999999999547e-01
3.710000000000000000e+03 9.181500000000000217e-01
3.720000000000000000e+03 9.181500000000000217e-01
3.730000000000000000e+03 9.181500000000000217e-01
3.740000000000000000e+03 9.185499999999999776e-01
3.750000000000000000e+03 9.185499999999999776e-01
3.760000000000000000e+03 9.189399999999999791e-01
3.770000000000000000e+03 9.189399999999999791e-01
3.780000000000000000e+03 9.189399999999999791e-01
3.790000000000000000e+03 9.193299999999999805e-01
3.800000000000000000e+03 9.193299999999999805e-01
3.810000000000000000e+03 9.193299999999999805e-01
3.820000000000000000e+03 9.193299999999999805e-01
3.830000000000000000e+03 9.193299999999999805e-01
3.840000000000000000e+03 9.197300000000000475e-01
3.850000000000000000e+03 9.197300000000000475e-01
3.860000000000000000e+03 9.197300000000000475e-01
3.870000000000000000e+03 9.197300000000000475e-01
3.880000000000000000e+03 9.197300000000000475e-01
3.890000000000000000e+03 9.197300000000000475e-01
3.900000000000000000e+03 9.201200000000000490e-01
3.910000000000000000e+03 9.201200000000000490e-01
3.920000000000000000e+03 9.201200000000000490e-01
3.930000000000000000e+03 9.201200000000000490e-01
3.940000000000000000e+03 9.201200000000000490e-01
3.950000000000000000e+03 9.205200000000000049e-01
3.960000000000000000e+03 9.205200000000000049e-01
3.970000000000000000e+03 9.205200000000000049e-01
3.980000000000000000e+03 9.205200000000000049e-01
3.990000000000000000e+03 9.205200000000000049e-01
4.000000000000000000e+03 9.205200000000000049e-01
4.010000000000000000e+03 9.205200000000000049e-01
4.020000000000000000e+03 9.205200000000000049e-01
4.030000000000000000e+03 9.209100000000000064e-01
4.040000000000000000e+03 9.209100000000000064e-01
4.050000000000000000e+03 9.209100000000000064e-01
4.060000000000000000e+03 9.209100000000000064e-01
4.070000000000000000e+03 9.209100000000000064e-01
4.080000000000000000e+03 9.209100000000000064e-01
4.090000000000000000e+03 9.209100000000000064e-01
4.100000000000000000e+03 9.209100000000000064e-01
4.110000000000000000e+03 9.209100000000000064e-01
4.120000000000000000e+03 9.209100000000000064e-01
4.130000000000000000e+03 9.209100000000000064e-01
4.140000000000000000e+03 9.209100000000000064e-01
4.150000000000000000e+03 9.209100000000000064e-01
4.160000000000000000e+03 9.209100000000000064e-01
4.170000000000000000e+03 9.209100000000000064e-01
4.180000000000000000e+03 9.209100000000000064e-01
4.190000000000000000e+03 9.209100000000000064e-01
4.200000000000000000e+03 9.213000000000000078e-01
4.210000000000000000e+03 9.213000000000000078e-01
4.220000000000000000e+03 9.213000000000000078e-01
4.230000000000000000e+03 9.213000000000000078e-01
4.240000000000000000e+03 9.213000000000000078e-01
4.250000000000000000e+03 9.213000000000000078e-01
4.260000000000000000e+03 9.213000000000000078e-01
4.270000000000000000e+03 9.213000000000000078e-01
4.280000000000000000e+03 9.213000000000000078e-01
4.290000000000000000e+03 9.213000000000000078e-01
4.300000000000000000e+03 9.213000000000000078e-01
4.310000000000000000e+03 9.213000000000000078e-01
4.320000000000000000e+03 9.216999999999999638e-01
4.330000000000000000e+03 9.216999999999999638e-01
4.340000000000000000e+03 9.216999999999999638e-01
4.350000000000000000e+03 9.216999999999999638e-01
4.360000000000000000e+03 9.216999999999999638e-01
4.370000000000000000e+03 9.216999999999999638e-01
4.380000000000000000e+03 9.213000000000000078e-01
4.390000000000000000e+03 9.213000000000000078e-01
4.400000000000000000e+03 9.213000000000000078e-01
4.410000000000000000e+03 9.213000000000000078e-01
4.420000000000000000e+03 9.213000000000000078e-01
4.430000000000000000e+03 9.209100000000000064e-01
4.440000000000000000e+03 9.209100000000000064e-01
4.450000000000000000e+03 9.209100000000000064e-01
4.460000000000000000e+03 9.209100000000000064e-01
4.470000000000000000e+03 9.209100000000000064e-01
4.480000000000000000e+03 9.209100000000000064e-01
4.490000000000000000e+03 9.205200000000000049e-01
4.500000000000000000e+03 9.205200000000000049e-01
4.510000000000000000e+03 9.205200000000000049e-01
4.520000000000000000e+03 9.205200000000000049e-01
4.530000000000000000e+03 9.205200000000000049e-01
4.540000000000000000e+03 9.201200000000000490e-01
4.550000000000000000e+03 9.201200000000000490e-01
4.560000000000000000e+03 9.201200000000000490e-01
4.570000000000000000e+03 9.201200000000000490e-01
4.580000000000000000e+03 9.201200000000000490e-01
4.590000000000000000e+03 9.197300000000000475e-01
4.600000000000000000e+03 9.197300000000000475e-01
4.610000000000000000e+03 9.197300000000000475e-01
4.620000000000000000e+03 9.197300000000000475e-01
4.630000000000000000e+03 9.197300000000000475e-01
4.640000000000000000e+03 9.197300000000000475e-01
4.650000000000000000e+03 9.193299999999999805e-01
4.660000000000000000e+03 9.193299999999999805e-01
4.670000000000000000e+03 9.193299999999999805e-01
4.680000000000000000e+03 9.193299999999999805e-01
4.690000000000000000e+03 9.193299999999999805e-01
4.700000000000000000e+03 9.193299999999999805e-01
4.710000000000000000e+03 9.193299999999999805e-01
4.720000000000000000e+03 9.189399999999999791e-01
4.730000000000000000e+03 9.189399999999999791e-01
4.740000000000000000e+03 9.189399999999999791e-01
4.750000000000000000e+03 9.189399999999999791e-01
4.760000000000000000e+03 9.189399999999999791e-01
4.770000000000000000e+03 9.189399999999999791e-01
4.780000000000000000e+03 9.189399999999999791e-01
4.790000000000000000e+03 9.189399999999999791e-01
4.800000000000000000e+03 9.185499999999999776e-01
4.810000000000000000e+03 9.185499999999999776e-01
4.820000000000000000e+03 9.185499999999999776e-01
4.830000000000000000e+03 9.185499999999999776e-01
4.840000000000000000e+03 9.185499999999999776e-01
4.850000000000000000e+03 9.185499999999999776e-01
4.860000000000000000e+03 9.185499999999999776e-01
4.870000000000000000e+03 9.185499999999999776e-01
4.880000000000000000e+03 9.185499999999999776e-01
4.890000000000000000e+03 9.185499999999999776e-01
4.900000000000000000e+03 9.185499999999999776e-01
4.910000000000000000e+03 9.181500000000000217e-01
4.920000000000000000e+03 9.181500000000000217e-01
4.930000000000000000e+03 9.181500000000000217e-01
4.940000000000000000e+03 9.181500000000000217e-01
4.950000000000000000e+03 9.177499999999999547e-01
4.960000000000000000e+03 9.177499999999999547e-01
4.970000000000000000e+03 9.177499999999999547e-01
4.980000000000000000e+03 9.173599999999999532e-01
4.990000000000000000e+03 9.173599999999999532e-01
5.000000000000000000e+03 9.173599999999999532e-01
5.010000000000000000e+03 9.173599999999999532e-01
5.020000000000000000e+03 9.169599999999999973e-01
5.030000000000000000e+03 9.169599999999999973e-01
5.040000000000000000e+03 9.169599999999999973e-01
5.050000000000000000e+03 9.165699999999999958e-01
5.060000000000000000e+03 9.165699999999999958e-01
5.070000000000000000e+03 9.165699999999999958e-01
5.080000000000000000e+03 9.161700000000000399e-01
5.090000000000000000e+03 9.161700000000000399e-01
5.100000000000000000e+03 9.161700000000000399e-01
5.110000000000000000e+03 9.161700000000000399e-01
5.120000000000000000e+03 9.157699999999999729e-01
5.130000000000000000e+03 9.157699999999999729e-01
5.140000000000000000e+03 9.157699999999999729e-01
5.150000000000000000e+03 9.153700000000000170e-01
5.160000000000000000e+03 9.153700000000000170e-01
5.170000000000000000e+03 9.153700000000000170e-01
5.180000000000000000e+03 9.153700000000000170e-01
5.190000000000000000e+03 9.149800000000000155e-01
5.200000000000000000e+03 9.149800000000000155e-01
5.210000000000000000e+03 9.149800000000000155e-01
5.220000000000000000e+03 9.149800000000000155e-01
5.230000000000000000e+03 9.145799999999999486e-01
5.240000000000000000e+03 9.145799999999999486e-01
5.250000000000000000e+03 9.145799999999999486e-01
5.260000000000000000e+03 9.145799999999999486e-01
5.270000000000000000e+03 9.145799999999999486e-01
5.280000000000000000e+03 9.141799999999999926e-01
5.290000000000000000e+03 9.141799999999999926e-01
5.300000000000000000e+03 9.141799999999999926e-01
5.310000000000000000e+03 9.141799999999999926e-01
5.320000000000000000e+03 9.137800000000000367e-01
5.330000000000000000e+03 9.137800000000000367e-01
5.340000000000000000e+03 9.137800000000000367e-01
5.350000000000000000e+03 9.137800000000000367e-01
5.360000000000000000e+03 9.137800000000000367e-01
5.370000000000000000e+03 9.133799999999999697e-01
5.380000000000000000e+03 9.133799999999999697e-01
5.390000000000000000e+03 9.133799999999999697e-01
5.400000000000000000e+03 9.133799999999999697e-01
5.410000000000000000e+03 9.133799999999999697e-01
5.420000000000000000e+03 9.129800000000000137e-01
5.430000000000000000e+03 9.129800000000000137e-01
5.440000000000000000e+03 9.129800000000000137e-01
5.450000000000000000e+03 9.129800000000000137e-01
5.460000000000000000e+03 9.129800000000000137e-01
5.470000000000000000e+03 9.129800000000000137e-01
5.480000000000000000e+03 9.125799999999999468e-01
5.490000000000000000e+03 9.125799999999999468e-01
5.500000000000000000e+03 9.125799999999999468e-01
5.510000000000000000e+03 9.125799999999999468e-01
5.520000000000000000e+03 9.125799999999999468e-01
5.530000000000000000e+03 9.125799999999999468e-01
5.540000000000000000e+03 9.125799999999999468e-01
5.550000000000000000e+03 9.125799999999999468e-01
5.560000000000000000e+03 9.125799999999999468e-01
5.570000000000000000e+03 9.125799999999999468e-01
5.580000000000000000e+03 9.125799999999999468e-01
5.590000000000000000e+03 9.121799999999999908e-01
5.600000000000000000e+03 9.121799999999999908e-01
5.610000000000000000e+03 9.121799999999999908e-01
5.620000000000000000e+03 9.121799999999999908e-01
5.630000000000000000e+03 9.121799999999999908e-01
5.640000000000000000e+03 9.121799999999999908e-01
5.650000000000000000e+03 9.121799999999999908e-01
5.660000000000000000e+03 9.121799999999999908e-01
5.670000000000000000e+03 9.121799999999999908e-01
5.680000000000000000e+03 9.121799999999999908e-01
5.690000000000000000e+03 9.121799999999999908e-01
5.700000000000000000e+03 9.121799999999999908e-01
5.710000000000000000e+03 9.121799999999999908e-01
5.720000000000000000e+03 9.121799999999999908e-01
5.730000000000000000e+03 9.121799999999999908e-01
5.740000000000000000e+03 9.121799999999999908e-01
5.750000000000000000e+03 9.117800000000000349e-01
5.760000000000000000e+03 9.117800000000000349e-01
5.770000000000000000e+03 9.117800000000000349e-01
5.780000000000000000e+03 9.117800000000000349e-01
5.790000000000000000e+03 9.117800000000000349e-01
5.800000000000000000e+03 9.117800000000000349e-01
5.810000000000000000e+03 9.113799999999999679e-01
5.820000000000000000e+03 9.113799999999999679e-01
5.830000000000000000e+03 9.109800000000000120e-01
5.840000000000000000e+03 9.109800000000000120e-01
5.850000000000000000e+03 9.109800000000000120e-01
5.860000000000000000e+03 9.105699999999999905e-01
5.870000000000000000e+03 9.105699999999999905e-01
5.880000000000000000e+03 9.105699999999999905e-01
5.890000000000000000e+03 9.101700000000000346e-01
5.900000000000000000e+03 9.101700000000000346e-01
5.910000000000000000e+03 9.101700000000000346e-01
5.920000000000000000e+03 9.097699999999999676e-01
5.930000000000000000e+03 9.097699999999999676e-01
5.940000000000000000e+03 9.097699999999999676e-01
5.950000000000000000e+03 9.093700000000000117e-01
5.960000000000000000e+03 9.093700000000000117e-01
5.970000000000000000e+03 9.093700000000000117e-01
5.980000000000000000e+03 9.089599999999999902e-01
5.990000000000000000e+03 9.089599999999999902e-01
6.000000000000000000e+03 9.089599999999999902e-01
6.010000000000000000e+03 9.085600000000000342e-01
6.020000000000000000e+03 9.085600000000000342e-01
6.030000000000000000e+03 9.085600000000000342e-01
6.040000000000000000e+03 9.081599999999999673e-01
6.050000000000000000e+03 9.081599999999999673e-01
6.060000000000000000e+03 9.081599999999999673e-01
6.070000000000000000e+03 9.081599999999999673e-01
6.080000000000000000e+03 9.077499999999999458e-01
6.090000000000000000e+03 9.077499999999999458e-01
6.100000000000000000e+03 9.077499999999999458e-01
6.110000000000000000e+03 9.073499999999999899e-01
6.120000000000000000e+03 9.073499999999999899e-01
6.130000000000000000e+03 9.073499999999999899e-01
6.140000000000000000e+03 9.073499999999999899e-01
6.150000000000000000e+03 9.069399999999999684e-01
6.160000000000000000e+03 9.069399999999999684e-01
6.170000000000000000e+03 9.069399999999999684e-01
6.180000000000000000e+03 9.069399999999999684e-01
6.190000000000000000e+03 9.065400000000000125e-01
6.200000000000000000e+03 9.065400000000000125e-01
6.210000000000000000e+03 9.065400000000000125e-01
6.220000000000000000e+03 9.065400000000000125e-01
6.230000000000000000e+03 9.061299999999999910e-01
6.240000000000000000e+03 9.061299999999999910e-01
6.250000000000000000e+03 9.061299999999999910e-01
6.260000000000000000e+03 9.061299999999999910e-01
6.270000000000000000e+03 9.061299999999999910e-01
6.280000000000000000e+03 9.057199999999999696e-01
6.290000000000000000e+03 9.057199999999999696e-01
6.300000000000000000e+03 9.057199999999999696e-01
6.310000000000000000e+03 9.057199999999999696e-01
6.320000000000000000e+03 9.057199999999999696e-01
6.330000000000000000e+03 9.053200000000000136e-01
6.340000000000000000e+03 9.053200000000000136e-01
6.350000000000000000e+03 9.053200000000000136e-01
6.360000000000000000e+03 9.053200000000000136e-01
6.370000000000000000e+03 9.053200000000000136e-01
6.380000000000000000e+03 9.053200000000000136e-01
6.390000000000000000e+03 9.049099999999999921e-01
6.400000000000000000e+03 9.049099999999999921e-01
6.410000000000000000e+03 9.049099999999999921e-01
6.420000000000000000e+03 9.049099999999999921e-01
6.430000000000000000e+03 9.044999999999999707e-01
6.440000000000000000e+03 9.044999999999999707e-01
6.450000000000000000e+03 9.044999999999999707e-01
6.460000000000000000e+03 9.044999999999999707e-01
6.470000000000000000e+03 9.044999999999999707e-01
6.480000000000000000e+03 9.044999999999999707e-01
6.490000000000000000e+03 9.041000000000000147e-01
6.500000000000000000e+03 9.041000000000000147e-01
6.510000000000000000e+03 9.036899999999999933e-01
6.520000000000000000e+03 9.032799999999999718e-01
6.530000000000000000e+03 9.028699999999999504e-01
6.540000000000000000e+03 9.020500000000000185e-01
6.550000000000000000e+03 9.020500000000000185e-01
6.560000000000000000e+03 9.012299999999999756e-01
6.570000000000000000e+03 9.008199999999999541e-01
6.580000000000000000e+03 9.004100000000000437e-01
6.590000000000000000e+03 9.004100000000000437e-01
6.600000000000000000e+03 9.004100000000000437e-01
6.610000000000000000e+03 9.000000000000000222e-01
6.620000000000000000e+03 8.995900000000000007e-01
6.630000000000000000e+03 8.991799999999999793e-01
6.640000000000000000e+03 8.983499999999999819e-01
6.650000000000000000e+03 8.979399999999999604e-01
6.660000000000000000e+03 8.975199999999999845e-01
6.670000000000000000e+03 8.971099999999999630e-01
6.680000000000000000e+03 8.967000000000000526e-01
6.690000000000000000e+03 8.967000000000000526e-01
6.700000000000000000e+03 8.967000000000000526e-01
6.710000000000000000e+03 8.962799999999999656e-01
6.720000000000000000e+03 8.958700000000000552e-01
6.730000000000000000e+03 8.954499999999999682e-01
6.740000000000000000e+03 8.946199999999999708e-01
6.750000000000000000e+03 8.941999999999999948e-01
6.760000000000000000e+03 8.937800000000000189e-01
6.770000000000000000e+03 8.937800000000000189e-01
6.780000000000000000e+03 8.933699999999999974e-01
6.790000000000000000e+03 8.929500000000000215e-01
6.800000000000000000e+03 8.929500000000000215e-01
6.810000000000000000e+03 8.925300000000000455e-01
6.820000000000000000e+03 8.921099999999999586e-01
6.830000000000000000e+03 8.916899999999999826e-01
6.840000000000000000e+03 8.908500000000000307e-01
6.850000000000000000e+03 8.904300000000000548e-01
6.860000000000000000e+03 8.900099999999999678e-01
6.870000000000000000e+03 8.900099999999999678e-01
6.880000000000000000e+03 8.895899999999999919e-01
6.890000000000000000e+03 8.891700000000000159e-01
6.900000000000000000e+03 8.891700000000000159e-01
6.910000000000000000e+03 8.887500000000000400e-01
6.920000000000000000e+03 8.883299999999999530e-01
6.930000000000000000e+03 8.879000000000000226e-01
6.940000000000000000e+03 8.874800000000000466e-01
6.950000000000000000e+03 8.870599999999999596e-01
6.960000000000000000e+03 8.870599999999999596e-01
6.970000000000000000e+03 8.862100000000000533e-01
6.980000000000000000e+03 8.857800000000000118e-01
6.990000000000000000e+03 8.857800000000000118e-01
7.000000000000000000e+03 8.853600000000000358e-01
7.010000000000000000e+03 8.853600000000000358e-01
7.020000000000000000e+03 8.849299999999999944e-01
7.030000000000000000e+03 8.845100000000000184e-01
7.040000000000000000e+03 8.845100000000000184e-01
7.050000000000000000e+03 8.840799999999999770e-01
7.060000000000000000e+03 8.840799999999999770e-01
7.070000000000000000e+03 8.836600000000000010e-01
7.080000000000000000e+03 8.836600000000000010e-01
7.090000000000000000e+03 8.832299999999999596e-01
7.100000000000000000e+03 8.832299999999999596e-01
7.110000000000000000e+03 8.828000000000000291e-01
7.120000000000000000e+03 8.823699999999999877e-01
7.130000000000000000e+03 8.823699999999999877e-01
7.140000000000000000e+03 8.819399999999999462e-01
7.150000000000000000e+03 8.819399999999999462e-01
7.160000000000000000e+03 8.815199999999999703e-01
7.170000000000000000e+03 8.815199999999999703e-01
7.180000000000000000e+03 8.810900000000000398e-01
7.190000000000000000e+03 8.810900000000000398e-01
7.200000000000000000e+03 8.806599999999999984e-01
7.210000000000000000e+03 8.806599999999999984e-01
7.220000000000000000e+03 8.802299999999999569e-01
7.230000000000000000e+03 8.802299999999999569e-01
7.240000000000000000e+03 8.798000000000000265e-01
7.250000000000000000e+03 8.793699999999999850e-01
7.260000000000000000e+03 8.793699999999999850e-01
7.270000000000000000e+03 8.789299999999999891e-01
7.280000000000000000e+03 8.789299999999999891e-01
7.290000000000000000e+03 8.784999999999999476e-01
7.300000000000000000e+03 8.784999999999999476e-01
7.310000000000000000e+03 8.780700000000000172e-01
7.320000000000000000e+03 8.780700000000000172e-01
7.330000000000000000e+03 8.776399999999999757e-01
7.340000000000000000e+03 8.776399999999999757e-01
7.350000000000000000e+03 8.772100000000000453e-01
7.360000000000000000e+03 8.772100000000000453e-01
7.370000000000000000e+03 8.767700000000000493e-01
7.380000000000000000e+03 8.767700000000000493e-01
7.390000000000000000e+03 8.763400000000000079e-01
7.400000000000000000e+03 8.763400000000000079e-01
7.410000000000000000e+03 8.759000000000000119e-01
7.420000000000000000e+03 8.759000000000000119e-01
7.430000000000000000e+03 8.754699999999999704e-01
7.440000000000000000e+03 8.754699999999999704e-01
7.450000000000000000e+03 8.750299999999999745e-01
7.460000000000000000e+03 8.750299999999999745e-01
7.470000000000000000e+03 8.746000000000000441e-01
7.480000000000000000e+03 8.746000000000000441e-01
7.490000000000000000e+03 8.741600000000000481e-01
7.500000000000000000e+03 8.741600000000000481e-01
7.510000000000000000e+03 8.737300000000000066e-01
7.520000000000000000e+03 8.737300000000000066e-01
7.530000000000000000e+03 8.732900000000000107e-01
7.540000000000000000e+03 8.732900000000000107e-01
7.550000000000000000e+03 8.728500000000000147e-01
7.560000000000000000e+03 8.724100000000000188e-01
7.570000000000000000e+03 8.724100000000000188e-01
7.580000000000000000e+03 8.719799999999999773e-01
7.590000000000000000e+03 8.719799999999999773e-01
7.600000000000000000e+03 8.715399999999999814e-01
7.610000000000000000e+03 8.715399999999999814e-01
7.620000000000000000e+03 8.710999999999999854e-01
7.630000000000000000e+03 8.706599999999999895e-01
7.640000000000000000e+03 8.706599999999999895e-01
7.650000000000000000e+03 8.702199999999999935e-01
7.660000000000000000e+03 8.702199999999999935e-01
7.670000000000000000e+03 8.697799999999999976e-01
7.680000000000000000e+03 8.693400000000000016e-01
7.690000000000000000e+03 8.693400000000000016e-01
7.700000000000000000e+03 8.689000000000000057e-01
7.710000000000000000e+03 8.689000000000000057e-01
7.720000000000000000e+03 8.684500000000000552e-01
7.730000000000000000e+03 8.684500000000000552e-01
7.740000000000000000e+03 8.680099999999999483e-01
7.750000000000000000e+03 8.675699999999999523e-01
7.760000000000000000e+03 8.675699999999999523e-01
7.770000000000000000e+03 8.671299999999999564e-01
7.780000000000000000e+03 8.671299999999999564e-01
7.790000000000000000e+03 8.666800000000000059e-01
7.800000000000000000e+03 8.666800000000000059e-01
7.810000000000000000e+03 8.662400000000000100e-01
7.820000000000000000e+03 8.657899999999999485e-01
7.830000000000000000e+03 8.657899999999999485e-01
7.840000000000000000e+03 8.653499999999999526e-01
7.850000000000000000e+03 8.653499999999999526e-01
7.860000000000000000e+03 8.649000000000000021e-01
7.870000000000000000e+03 8.644600000000000062e-01
7.880000000000000000e+03 8.644600000000000062e-01
7.890000000000000000e+03 8.640099999999999447e-01
7.900000000000000000e+03 8.640099999999999447e-01
7.910000000000000000e+03 8.635699999999999488e-01
7.920000000000000000e+03 8.635699999999999488e-01
7.930000000000000000e+03 8.631199999999999983e-01
7.940000000000000000e+03 8.631199999999999983e-01
7.950000000000000000e+03 8.626700000000000479e-01
7.960000000000000000e+03 8.622199999999999864e-01
7.970000000000000000e+03 8.622199999999999864e-01
7.980000000000000000e+03 8.617700000000000360e-01
7.990000000000000000e+03 8.617700000000000360e-01
8.000000000000000000e+03 8.613199999999999745e-01
8.010000000000000000e+03 8.613199999999999745e-01
8.020000000000000000e+03 8.613199999999999745e-01
8.030000000000000000e+03 8.613199999999999745e-01
8.040000000000000000e+03 8.613199999999999745e-01
8.050000000000000000e+03 8.613199999999999745e-01
8.060000000000000000e+03 8.613199999999999745e-01
8.070000000000000000e+03 8.613199999999999745e-01
8.080000000000000000e+03 8.613199999999999745e-01
8.090000000000000000e+03 8.613199999999999745e-01
8.100000000000000000e+03 8.613199999999999745e-01
8.110000000000000000e+03 8.613199999999999745e-01
8.120000000000000000e+03 8.608799999999999786e-01
8.130000000000000000e+03 8.608799999999999786e-01
8.140000000000000000e+03 8.608799999999999786e-01
8.150000000000000000e+03 8.608799999999999786e-01
8.160000000000000000e+03 8.608799999999999786e-01
8.170000000000000000e+03 8.608799999999999786e-01
8.180000000000000000e+03 8.608799999999999786e-01
8.190000000000000000e+03 8.608799999999999786e-01
8.200000000000000000e+03 8.608799999999999786e-01
8.210000000000000000e+03 8.608799999999999786e-01
8.220000000000000000e+03 8.608799999999999786e-01
8.230000000000000000e+03 8.608799999999999786e-01
8.240000000000000000e+03 8.608799999999999786e-01
8.250000000000000000e+03 8.608799999999999786e-01
8.260000000000000000e+03 8.608799999999999786e-01
8.270000000000000000e+03 8.608799999999999786e-01
8.280000000000000000e+03 8.608799999999999786e-01
8.290000000000000000e+03 8.604300000000000281e-01
8.300000000000000000e+03 8.604300000000000281e-01
8.310000000000000000e+03 8.604300000000000281e-01
8.320000000000000000e+03 8.604300000000000281e-01
8.330000000000000000e+03 8.604300000000000281e-01
8.340000000000000000e+03 8.604300000000000281e-01
8.350000000000000000e+03 8.604300000000000281e-01
8.360000000000000000e+03 8.604300000000000281e-01
8.370000000000000000e+03 8.604300000000000281e-01
8.380000000000000000e+03 8.604300000000000281e-01
8.390000000000000000e+03 8.604300000000000281e-01
8.400000000000000000e+03 8.604300000000000281e-01
8.410000000000000000e+03 8.604300000000000281e-01
8.420000000000000000e+03 8.604300000000000281e-01
8.430000000000000000e+03 8.604300000000000281e-01
8.440000000000000000e+03 8.604300000000000281e-01
8.450000000000000000e+03 8.604300000000000281e-01
8.460000000000000000e+03 8.599700000000000122e-01
8.470000000000000000e+03 8.599700000000000122e-01
8.480000000000000000e+03 8.599700000000000122e-01
8.490000000000000000e+03 8.599700000000000122e-01
8.500000000000000000e+03 8.599700000000000122e-01
8.510000000000000000e+03 8.604300000000000281e-01
8.520000000000000000e+03 8.613199999999999745e-01
8.530000000000000000e+03 8.617700000000000360e-01
8.540000000000000000e+03 8.622199999999999864e-01
8.550000000000000000e+03 8.626700000000000479e-01
8.560000000000000000e+03 8.631199999999999983e-01
8.570000000000000000e+03 8.635699999999999488e-01
8.580000000000000000e+03 8.640099999999999447e-01
8.590000000000000000e+03 8.644600000000000062e-01
8.600000000000000000e+03 8.649000000000000021e-01
8.610000000000000000e+03 8.653499999999999526e-01
8.620000000000000000e+03 8.657899999999999485e-01
8.630000000000000000e+03 8.662400000000000100e-01
8.640000000000000000e+03 8.671299999999999564e-01
8.650000000000000000e+03 8.675699999999999523e-01
8.660000000000000000e+03 8.680099999999999483e-01
8.670000000000000000e+03 8.684500000000000552e-01
8.680000000000000000e+03 8.689000000000000057e-01
8.690000000000000000e+03 8.693400000000000016e-01
8.700000000000000000e+03 8.697799999999999976e-01
8.710000000000000000e+03 8.702199999999999935e-01
8.720000000000000000e+03 8.706599999999999895e-01
8.730000000000000000e+03 8.710999999999999854e-01
8.740000000000000000e+03 8.715399999999999814e-01
8.750000000000000000e+03 8.719799999999999773e-01
8.760000000000000000e+03 8.724100000000000188e-01
8.770000000000000000e+03 8.728500000000000147e-01
8.780000000000000000e+03 8.732900000000000107e-01
8.790000000000000000e+03 8.737300000000000066e-01
8.800000000000000000e+03 8.741600000000000481e-01
8.810000000000000000e+03 8.746000000000000441e-01
8.820000000000000000e+03 8.750299999999999745e-01
8.830000000000000000e+03 8.754699999999999704e-01
8.840000000000000000e+03 8.759000000000000119e-01
8.850000000000000000e+03 8.763400000000000079e-01
8.860000000000000000e+03 8.767700000000000493e-01
8.870000000000000000e+03 8.772100000000000453e-01
8.880000000000000000e+03 8.776399999999999757e-01
8.890000000000000000e+03 8.780700000000000172e-01
8.900000000000000000e+03 8.784999999999999476e-01
8.910000000000000000e+03 8.789299999999999891e-01
8.920000000000000000e+03 8.793699999999999850e-01
8.930000000000000000e+03 8.798000000000000265e-01
8.940000000000000000e+03 8.802299999999999569e-01
8.950000000000000000e+03 8.806599999999999984e-01
8.960000000000000000e+03 8.810900000000000398e-01
8.970000000000000000e+03 8.815199999999999703e-01
8.980000000000000000e+03 8.819399999999999462e-01
8.990000000000000000e+03 8.823699999999999877e-01
9.000000000000000000e+03 8.828000000000000291e-01
9.010000000000000000e+03 8.832299999999999596e-01
9.020000000000000000e+03 8.836600000000000010e-01
9.030000000000000000e+03 8.840799999999999770e-01
9.040000000000000000e+03 8.849299999999999944e-01
9.050000000000000000e+03 8.853600000000000358e-01
9.060000000000000000e+03 8.866300000000000292e-01
9.070000000000000000e+03 8.874800000000000466e-01
9.080000000000000000e+03 8.879000000000000226e-01
9.090000000000000000e+03 8.887500000000000400e-01
9.100000000000000000e+03 8.891700000000000159e-01
9.110000000000000000e+03 8.895899999999999919e-01
9.120000000000000000e+03 8.900099999999999678e-01
9.130000000000000000e+03 8.904300000000000548e-01
9.140000000000000000e+03 8.908500000000000307e-01
9.150000000000000000e+03 8.912700000000000067e-01
9.160000000000000000e+03 8.916899999999999826e-01
9.170000000000000000e+03 8.921099999999999586e-01
9.180000000000000000e+03 8.925300000000000455e-01
9.190000000000000000e+03 8.933699999999999974e-01
9.200000000000000000e+03 8.950299999999999923e-01
9.210000000000000000e+03 8.954499999999999682e-01
9.220000000000000000e+03 8.958700000000000552e-01
9.230000000000000000e+03 8.962799999999999656e-01
9.240000000000000000e+03 8.967000000000000526e-01
9.250000000000000000e+03 8.971099999999999630e-01
9.260000000000000000e+03 8.975199999999999845e-01
9.270000000000000000e+03 8.987600000000000033e-01
9.280000000000000000e+03 8.991799999999999793e-01
9.290000000000000000e+03 8.995900000000000007e-01
9.300000000000000000e+03 9.004100000000000437e-01
9.310000000000000000e+03 9.008199999999999541e-01
9.320000000000000000e+03 9.012299999999999756e-01
9.330000000000000000e+03 9.016399999999999970e-01
9.340000000000000000e+03 9.024600000000000399e-01
9.350000000000000000e+03 9.024600000000000399e-01
9.360000000000000000e+03 9.044999999999999707e-01
9.370000000000000000e+03 9.044999999999999707e-01
9.380000000000000000e+03 9.049099999999999921e-01
9.390000000000000000e+03 9.057199999999999696e-01
9.400000000000000000e+03 9.057199999999999696e-01
9.410000000000000000e+03 9.061299999999999910e-01
9.420000000000000000e+03 9.065400000000000125e-01
9.430000000000000000e+03 9.069399999999999684e-01
9.440000000000000000e+03 9.077499999999999458e-01
9.450000000000000000e+03 9.085600000000000342e-01
9.460000000000000000e+03 9.085600000000000342e-01
9.470000000000000000e+03 9.089599999999999902e-01
9.480000000000000000e+03 9.097699999999999676e-01
9.490000000000000000e+03 9.101700000000000346e-01
9.500000000000000000e+03 9.109800000000000120e-01
9.510000000000000000e+03 9.109800000000000120e-01
9.520000000000000000e+03 9.113799999999999679e-01
9.530000000000000000e+03 9.113799999999999679e-01
9.540000000000000000e+03 9.113799999999999679e-01
9.550000000000000000e+03 9.113799999999999679e-01
9.560000000000000000e+03 9.117800000000000349e-01
9.570000000000000000e+03 9.117800000000000349e-01
9.580000000000000000e+03 9.117800000000000349e-01
9.590000000000000000e+03 9.121799999999999908e-01
9.600000000000000000e+03 9.121799999999999908e-01
9.610000000000000000e+03 9.121799999999999908e-01
9.620000000000000000e+03 9.125799999999999468e-01
9.630000000000000000e+03 9.125799999999999468e-01
9.640000000000000000e+03 9.125799999999999468e-01
9.650000000000000000e+03 9.125799999999999468e-01
9.660000000000000000e+03 9.129800000000000137e-01
9.670000000000000000e+03 9.129800000000000137e-01
9.680000000000000000e+03 9.129800000000000137e-01
9.690000000000000000e+03 9.133799999999999697e-01
9.700000000000000000e+03 9.133799999999999697e-01
9.710000000000000000e+03 9.133799999999999697e-01
9.720000000000000000e+03 9.137800000000000367e-01
9.730000000000000000e+03 9.137800000000000367e-01
9.740000000000000000e+03 9.137800000000000367e-01
9.750000000000000000e+03 9.137800000000000367e-01
9.760000000000000000e+03 9.141799999999999926e-01
9.770000000000000000e+03 9.141799999999999926e-01
9.780000000000000000e+03 9.141799999999999926e-01
9.790000000000000000e+03 9.145799999999999486e-01
9.800000000000000000e+03 9.145799999999999486e-01
9.810000000000000000e+03 9.145799999999999486e-01
9.820000000000000000e+03 9.145799999999999486e-01
9.830000000000000000e+03 9.149800000000000155e-01
9.840000000000000000e+03 9.149800000000000155e-01
9.850000000000000000e+03 9.149800000000000155e-01
9.860000000000000000e+03 9.153700000000000170e-01
9.870000000000000000e+03 9.153700000000000170e-01
9.880000000000000000e+03 9.153700000000000170e-01
9.890000000000000000e+03 9.153700000000000170e-01
9.900000000000000000e+03 9.157699999999999729e-01
9.910000000000000000e+03 9.157699999999999729e-01
9.920000000000000000e+03 9.157699999999999729e-01
9.930000000000000000e+03 9.161700000000000399e-01
9.940000000000000000e+03 9.161700000000000399e-01
9.950000000000000000e+03 9.161700000000000399e-01
9.960000000000000000e+03 9.161700000000000399e-01
9.970000000000000000e+03 9.165699999999999958e-01
9.980000000000000000e+03 9.165699999999999958e-01
9.990000000000000000e+03 9.165699999999999958e-01
1.000000000000000000e+04 9.169599999999999973e-01
1.001000000000000000e+04 9.169599999999999973e-01
1.002000000000000000e+04 9.169599999999999973e-01
1.003000000000000000e+04 9.169599999999999973e-01
1.004000000000000000e+04 9.173599999999999532e-01
1.005000000000000000e+04 9.173599999999999532e-01
1.006000000000000000e+04 9.173599999999999532e-01
1.007000000000000000e+04 9.177499999999999547e-01
1.008000000000000000e+04 9.177499999999999547e-01
1.009000000000000000e+04 9.177499999999999547e-01
1.010000000000000000e+04 9.177499999999999547e-01
1.011000000000000000e+04 9.181500000000000217e-01
1.012000000000000000e+04 9.181500000000000217e-01
1.013000000000000000e+04 9.181500000000000217e-01
1.014000000000000000e+04 9.181500000000000217e-01
1.015000000000000000e+04 9.185499999999999776e-01
1.016000000000000000e+04 9.185499999999999776e-01
1.017000000000000000e+04 9.185499999999999776e-01
1.018000000000000000e+04 9.185499999999999776e-01
1.019000000000000000e+04 9.189399999999999791e-01
1.020000000000000000e+04 9.189399999999999791e-01
1.021000000000000000e+04 9.189399999999999791e-01
1.022000000000000000e+04 9.193299999999999805e-01
1.023000000000000000e+04 9.193299999999999805e-01
1.024000000000000000e+04 9.193299999999999805e-01
1.025000000000000000e+04 9.193299999999999805e-01
1.026000000000000000e+04 9.197300000000000475e-01
1.027000000000000000e+04 9.197300000000000475e-01
1.028000000000000000e+04 9.197300000000000475e-01
1.029000000000000000e+04 9.197300000000000475e-01
1.030000000000000000e+04 9.201200000000000490e-01
1.031000000000000000e+04 9.201200000000000490e-01
1.032000000000000000e+04 9.201200000000000490e-01
1.033000000000000000e+04 9.201200000000000490e-01
1.034000000000000000e+04 9.205200000000000049e-01
1.035000000000000000e+04 9.205200000000000049e-01
1.036000000000000000e+04 9.205200000000000049e-01
1.037000000000000000e+04 9.209100000000000064e-01
1.038000000000000000e+04 9.209100000000000064e-01
1.039000000000000000e+04 9.209100000000000064e-01
1.040000000000000000e+04 9.209100000000000064e-01
1.041000000000000000e+04 9.213000000000000078e-01
1.042000000000000000e+04 9.213000000000000078e-01
1.043000000000000000e+04 9.213000000000000078e-01
1.044000000000000000e+04 9.213000000000000078e-01
1.045000000000000000e+04 9.216999999999999638e-01
1.046000000000000000e+04 9.216999999999999638e-01
1.047000000000000000e+04 9.216999999999999638e-01
1.048000000000000000e+04 9.216999999999999638e-01
1.049000000000000000e+04 9.220899999999999652e-01
1.050000000000000000e+04 9.220899999999999652e-01
1.051000000000000000e+04 9.220899999999999652e-01
1.052000000000000000e+04 9.220899999999999652e-01
1.053000000000000000e+04 9.224799999999999667e-01
1.054000000000000000e+04 9.224799999999999667e-01
1.055000000000000000e+04 9.224799999999999667e-01
1.056000000000000000e+04 9.224799999999999667e-01
1.057000000000000000e+04 9.228699999999999681e-01
1.058000000000000000e+04 9.228699999999999681e-01
1.059000000000000000e+04 9.228699999999999681e-01
1.060000000000000000e+04 9.228699999999999681e-01
1.061000000000000000e+04 9.232599999999999696e-01
1.062000000000000000e+04 9.232599999999999696e-01
1.063000000000000000e+04 9.232599999999999696e-01
1.064000000000000000e+04 9.232599999999999696e-01
1.065000000000000000e+04 9.236499999999999710e-01
1.066000000000000000e+04 9.236499999999999710e-01
1.067000000000000000e+04 9.236499999999999710e-01
1.068000000000000000e+04 9.236499999999999710e-01
1.069000000000000000e+04 9.240399999999999725e-01
1.070000000000000000e+04 9.240399999999999725e-01
1.071000000000000000e+04 9.240399999999999725e-01
1.072000000000000000e+04 9.240399999999999725e-01
1.073000000000000000e+04 9.244299999999999740e-01
1.074000000000000000e+04 9.244299999999999740e-01
1.075000000000000000e+04 9.244299999999999740e-01
1.076000000000000000e+04 9.244299999999999740e-01
1.077000000000000000e+04 9.244299999999999740e-01
1.078000000000000000e+04 9.248199999999999754e-01
1.079000000000000000e+04 9.248199999999999754e-01
1.080000000000000000e+04 9.248199999999999754e-01
1.081000000000000000e+04 9.248199999999999754e-01
1.082000000000000000e+04 9.252099999999999769e-01
1.083000000000000000e+04 9.252099999999999769e-01
1.084000000000000000e+04 9.252099999999999769e-01
1.085000000000000000e+04 9.252099999999999769e-01
1.086000000000000000e+04 9.255999999999999783e-01
1.087000000000000000e+04 9.255999999999999783e-01
1.088000000000000000e+04 9.255999999999999783e-01
1.089000000000000000e+04 9.255999999999999783e-01
1.090000000000000000e+04 9.259899999999999798e-01
1.091000000000000000e+04 9.259899999999999798e-01
1.092000000000000000e+04 9.259899999999999798e-01
1.093000000000000000e+04 9.259899999999999798e-01
1.094000000000000000e+04 9.259899999999999798e-01
1.095000000000000000e+04 9.263799999999999812e-01
1.096000000000000000e+04 9.263799999999999812e-01
1.097000000000000000e+04 9.263799999999999812e-01
1.098000000000000000e+04 9.263799999999999812e-01
1.099000000000000000e+04 9.267699999999999827e-01
1.100000000000000000e+04 9.267699999999999827e-01
1.101000000000000000e+04 9.267699999999999827e-01
1.102000000000000000e+04 9.267699999999999827e-01
1.103000000000000000e+04 9.271599999999999842e-01
1.104000000000000000e+04 9.271599999999999842e-01
1.105000000000000000e+04 9.271599999999999842e-01
1.106000000000000000e+04 9.271599999999999842e-01
1.107000000000000000e+04 9.271599999999999842e-01
1.108000000000000000e+04 9.275400000000000311e-01
1.109000000000000000e+04 9.275400000000000311e-01
1.110000000000000000e+04 9.275400000000000311e-01
1.111000000000000000e+04 9.275400000000000311e-01
1.112000000000000000e+04 9.279300000000000326e-01
1.113000000000000000e+04 9.279300000000000326e-01
1.114000000000000000e+04 9.279300000000000326e-01
1.115000000000000000e+04 9.279300000000000326e-01
1.116000000000000000e+04 9.283200000000000340e-01
1.117000000000000000e+04 9.283200000000000340e-01
1.118000000000000000e+04 9.283200000000000340e-01
1.119000000000000000e+04 9.283200000000000340e-01
1.120000000000000000e+04 9.283200000000000340e-01
1.121000000000000000e+04 9.286999999999999700e-01
1.122000000000000000e+04 9.286999999999999700e-01
1.123000000000000000e+04 9.286999999999999700e-01
1.124000000000000000e+04 9.286999999999999700e-01
1.125000000000000000e+04 9.286999999999999700e-01
1.126000000000000000e+04 9.290899999999999714e-01
1.127000000000000000e+04 9.290899999999999714e-01
1.128000000000000000e+04 9.290899999999999714e-01
1.129000000000000000e+04 9.290899999999999714e-01
1.130000000000000000e+04 9.294799999999999729e-01
1.131000000000000000e+04 9.294799999999999729e-01
1.132000000000000000e+04 9.294799999999999729e-01
1.133000000000000000e+04 9.294799999999999729e-01
1.134000000000000000e+04 9.294799999999999729e-01
1.135000000000000000e+04 9.298600000000000199e-01
1.136000000000000000e+04 9.298600000000000199e-01
1.137000000000000000e+04 9.298600000000000199e-01
1.138000000000000000e+04 9.298600000000000199e-01
1.139000000000000000e+04 9.302500000000000213e-01
1.140000000000000000e+04 9.302500000000000213e-01
1.141000000000000000e+04 9.302500000000000213e-01
1.142000000000000000e+04 9.302500000000000213e-01
1.143000000000000000e+04 9.302500000000000213e-01
1.144000000000000000e+04 9.306299999999999573e-01
1.145000000000000000e+04 9.306299999999999573e-01
1.146000000000000000e+04 9.306299999999999573e-01
1.147000000000000000e+04 9.306299999999999573e-01
1.148000000000000000e+04 9.306299999999999573e-01
1.149000000000000000e+04 9.310199999999999587e-01
1.150000000000000000e+04 9.310199999999999587e-01
1.151000000000000000e+04 9.310199999999999587e-01
1.152000000000000000e+04 9.310199999999999587e-01
1.153000000000000000e+04 9.310199999999999587e-01
1.154000000000000000e+04 9.314000000000000057e-01
1.155000000000000000e+04 9.314000000000000057e-01
1.156000000000000000e+04 9.314000000000000057e-01
1.157000000000000000e+04 9.314000000000000057e-01
1.158000000000000000e+04 9.317900000000000071e-01
1.159000000000000000e+04 9.317900000000000071e-01
1.160000000000000000e+04 9.317900000000000071e-01
1.161000000000000000e+04 9.317900000000000071e-01
1.162000000000000000e+04 9.317900000000000071e-01
1.163000000000000000e+04 9.321700000000000541e-01
1.164000000000000000e+04 9.321700000000000541e-01
1.165000000000000000e+04 9.321700000000000541e-01
1.166000000000000000e+04 9.321700000000000541e-01
1.167000000000000000e+04 9.321700000000000541e-01
1.168000000000000000e+04 9.325499999999999901e-01
1.169000000000000000e+04 9.325499999999999901e-01
1.170000000000000000e+04 9.325499999999999901e-01
1.171000000000000000e+04 9.325499999999999901e-01
1.172000000000000000e+04 9.325499999999999901e-01
1.173000000000000000e+04 9.329399999999999915e-01
1.174000000000000000e+04 9.329399999999999915e-01
1.175000000000000000e+04 9.329399999999999915e-01
1.176000000000000000e+04 9.329399999999999915e-01
1.177000000000000000e+04 9.329399999999999915e-01
1.178000000000000000e+04 9.333200000000000385e-01
1.179000000000000000e+04 9.333200000000000385e-01
1.180000000000000000e+04 9.333200000000000385e-01
1.181000000000000000e+04 9.333200000000000385e-01
1.182000000000000000e+04 9.333200000000000385e-01
1.183000000000000000e+04 9.336999999999999744e-01
1.184000000000000000e+04 9.336999999999999744e-01
1.185000000000000000e+04 9.336999999999999744e-01
1.186000000000000000e+04 9.336999999999999744e-01
1.187000000000000000e+04 9.336999999999999744e-01
1.188000000000000000e+04 9.340800000000000214e-01
1.189000000000000000e+04 9.340800000000000214e-01
1.190000000000000000e+04 9.340800000000000214e-01
1.191000000000000000e+04 9.340800000000000214e-01
1.192000000000000000e+04 9.340800000000000214e-01
1.193000000000000000e+04 9.344700000000000228e-01
1.194000000000000000e+04 9.344700000000000228e-01
1.195000000000000000e+04 9.344700000000000228e-01
1.196000000000000000e+04 9.344700000000000228e-01
1.197000000000000000e+04 9.344700000000000228e-01
1.198000000000000000e+04 9.344700000000000228e-01
1.199000000000000000e+04 9.348499999999999588e-01
1.200000000000000000e+04 9.348499999999999588e-01
