3021.5000000000
3043.2500000000
3073.0000000000
3103.2500000000
3133.7500000000
3164.5000000000
3195.7500000000
3227.2500000000
3259.0000000000
3291.2500000000
3323.7500000000
3356.5000000000
3389.7500000000
3423.2500000000
3457.0000000000
3491.2500000000
3525.7500000000
3560.5000000000
3595.7500000000
3631.2500000000
3667.0000000000
3703.2500000000
3739.7500000000
3776.5000000000
3813.7500000000
3851.2500000000
3889.2500000000
3927.7500000000
3966.5000000000
4005.7500000000
4045.2500000000
4085.2500000000
4125.7500000000
4166.5000000000
4207.7500000000
4249.2500000000
4291.2500000000
4333.7500000000
4376.5000000000
4419.7500000000
4463.2500000000
4507.2500000000
4551.7500000000
4596.7500000000
4642.2500000000
4688.2500000000
4734.7500000000
4781.7500000000
4829.2500000000
4877.2500000000
4925.7500000000
4974.5000000000
5023.7500000000
5073.2500000000
5123.2500000000
5173.7500000000
5224.7500000000
5276.5000000000
5328.7500000000
5381.7500000000
5435.2500000000
5489.2500000000
5543.7500000000
5598.7500000000
5654.2500000000
5710.2500000000
5766.7500000000
5823.7500000000
5881.5000000000
5939.7500000000
5998.7500000000
6058.2500000000
6118.2500000000
6179.0000000000
6240.2500000000
6302.2500000000
6364.7500000000
6427.7500000000
6491.5000000000
6555.7500000000
6620.7500000000
6686.5000000000
6752.7500000000
6819.7500000000
6887.5000000000
6955.7500000000
7024.7500000000
7094.5000000000
7165.0000000000
7236.2500000000
7308.2500000000
7381.0000000000
7454.2500000000
7528.2500000000
7603.0000000000
7678.5000000000
7754.7500000000
7831.7500000000
7909.5000000000
7988.0000000000
8067.5000000000
8147.7500000000
8228.7500000000
8310.5000000000
8393.0000000000
8476.5000000000
8561.0000000000
8646.2500000000
8732.2500000000
8819.0000000000
8906.5000000000
8995.0000000000
9084.5000000000
9175.0000000000
9266.5000000000
9359.0000000000
9452.2500000000
9546.2500000000
9641.0000000000
9736.5000000000
9833.0000000000
9930.5000000000
10029.0000000000
10128.5000000000
10229.0000000000
10330.5000000000
10433.0000000000
10536.5000000000
10641.0000000000
10746.5000000000
10853.2500000000
10961.2500000000
11070.5000000000
11181.0000000000
11292.5000000000
11405.0000000000
11518.5000000000
11633.0000000000
11748.7500000000
11865.7500000000
11932.5000000000
